# FILE:src/AbstractAsyncTableRendering.java, LINE:173, OFFSET:3064, NODE_KIND:128, CONTEXT_KIND:0, NEIGHBOR_KIND:0, NUM_NODE:29472, NUM_DECL:0, NUM_STMT:0, NUM_EXPR:0, TBID:1539, TEID:12881, VARs:{}740, 
472 0 10 0 0 0 0 0 0 0 0 0 1 0 0 0 0 8 0 0 0 0 0 0 0 0 0 0 0 0 0 3479 0 0 0 0 1706 0 0 0 0 0 0 0 0 0 1411 0 0 0 12 0 0 0 286 0 0 131 0 0 1667 17 0 7 0 0 0 0 0 0 7 0 0 220 0 0 0 0 0 0 1280 0 341 34 0 0 0 1101 0 0 187 0 0 0 0 156 1 0 1598 0 0 0 0 996 902 0 0 0 1634 0 0 0 0 0 1553 0 0 0 0 0 0 0 58 0 228 273 0 0 1 0 0 0 0 0 0 52 0 0 0 0 0 0 0 0 21 1635 0 0 6 0 7 0 0 1411 0 0 41 0 0 2 386 0 80 8 36 65 134 221 0 2 0 0 12 0 0 28 4 15 3 21 8 0 54 0 0 806 100 0 1 0 0 37 0 0 0 5 18 3 0 34 0 0 0 0 0 44 84 28 14 0 0 0 0 10 0 2 0 12 7 1 0 95 10 0 42 0 0 0 0 0 0 151 2 21 0 0 117 11 4 0 14 0 0 1 46 2 0 12 3479 0 0 1 24 44 0 25 0 0 6 23 107 
# FILE:src/AbstractAsyncTableRendering.java, LINE:845, OFFSET:890, NODE_KIND:103, CONTEXT_KIND:0, NEIGHBOR_KIND:0, NUM_NODE:592, NUM_DECL:0, NUM_STMT:0, NUM_EXPR:0, TBID:4144, TEID:4354, VARs:{}26, 
16 0 0 0 0 0 0 0 0 0 0 0 0 0 0 0 0 0 0 0 0 0 0 0 0 0 0 0 0 0 0 71 0 0 0 0 38 0 0 0 0 0 0 0 0 0 32 0 0 0 0 0 0 0 7 0 0 6 0 0 36 0 0 0 0 0 0 0 0 0 0 0 0 0 0 0 0 0 0 0 26 0 3 1 0 0 0 22 0 0 1 0 0 0 0 0 0 0 32 0 0 0 0 20 24 0 0 0 32 0 0 0 0 0 32 0 0 0 0 0 0 0 0 0 7 0 0 0 0 0 0 0 0 0 0 0 0 0 0 0 0 0 0 0 0 32 0 0 0 0 0 0 0 32 0 0 4 0 0 0 13 0 0 0 0 0 0 2 0 0 0 0 0 0 0 1 0 0 0 0 0 0 0 0 0 16 0 0 0 0 0 2 0 0 0 0 2 0 0 1 0 0 0 0 0 0 0 0 0 0 0 0 0 0 0 0 0 0 0 0 0 4 0 0 2 0 0 0 0 0 0 0 0 0 0 0 0 0 0 0 0 0 0 0 0 0 0 2 71 0 0 0 0 0 0 0 0 0 0 0 2 
# FILE:src/AbstractAsyncTableRendering.java, LINE:991, OFFSET:1009, NODE_KIND:103, CONTEXT_KIND:0, NEIGHBOR_KIND:0, NUM_NODE:410, NUM_DECL:0, NUM_STMT:0, NUM_EXPR:0, TBID:4736, TEID:4876, VARs:{}18, 
5 0 0 0 0 0 0 0 0 0 0 0 0 0 0 0 0 0 0 0 0 0 0 0 0 0 0 0 0 0 0 47 0 0 0 0 27 0 0 0 0 0 0 0 0 0 22 0 0 0 0 0 0 0 0 0 0 0 0 0 27 0 0 0 0 0 0 0 0 0 0 0 0 0 0 0 0 0 0 0 22 0 5 4 0 0 0 9 0 0 1 0 0 0 0 0 0 0 27 0 0 0 0 11 12 0 0 0 32 0 0 0 0 0 27 0 0 0 0 0 0 0 0 0 0 0 0 0 0 0 0 0 0 0 0 5 0 0 0 0 0 0 0 0 0 27 0 0 0 0 0 0 0 22 0 0 0 0 0 0 0 0 0 0 5 0 0 5 0 0 0 0 0 0 0 0 0 0 0 0 0 0 0 0 0 12 0 0 0 0 0 0 0 0 0 0 0 0 0 4 0 0 0 0 0 0 0 0 0 0 0 0 0 0 0 0 0 0 0 0 0 0 0 0 0 0 0 0 0 0 0 0 0 0 0 0 0 0 0 0 0 0 0 0 0 0 0 0 47 0 0 0 0 0 0 0 0 0 0 5 0 
# FILE:src/AbstractAsyncTableRendering.java, LINE:995, OFFSET:1009, NODE_KIND:103, CONTEXT_KIND:0, NEIGHBOR_KIND:0, NUM_NODE:334, NUM_DECL:0, NUM_STMT:0, NUM_EXPR:0, TBID:4762, TEID:4876, VARs:{}16, 
4 0 0 0 0 0 0 0 0 0 0 0 0 0 0 0 0 0 0 0 0 0 0 0 0 0 0 0 0 0 0 38 0 0 0 0 22 0 0 0 0 0 0 0 0 0 18 0 0 0 0 0 0 0 0 0 0 0 0 0 22 0 0 0 0 0 0 0 0 0 0 0 0 0 0 0 0 0 0 0 18 0 4 3 0 0 0 8 0 0 1 0 0 0 0 0 0 0 22 0 0 0 0 9 10 0 0 0 26 0 0 0 0 0 22 0 0 0 0 0 0 0 0 0 0 0 0 0 0 0 0 0 0 0 0 4 0 0 0 0 0 0 0 0 0 22 0 0 0 0 0 0 0 18 0 0 0 0 0 0 0 0 0 0 4 0 0 4 0 0 0 0 0 0 0 0 0 0 0 0 0 0 0 0 0 10 0 0 0 0 0 0 0 0 0 0 0 0 0 3 0 0 0 0 0 0 0 0 0 0 0 0 0 0 0 0 0 0 0 0 0 0 0 0 0 0 0 0 0 0 0 0 0 0 0 0 0 0 0 0 0 0 0 0 0 0 0 0 38 0 0 0 0 0 0 0 0 0 0 4 0 
# FILE:src/AbstractAsyncTableRendering.java, LINE:1040, OFFSET:1063, NODE_KIND:103, CONTEXT_KIND:0, NEIGHBOR_KIND:0, NUM_NODE:530, NUM_DECL:0, NUM_STMT:0, NUM_EXPR:0, TBID:4980, TEID:5175, VARs:{}29, 
6 0 0 0 0 0 0 0 0 0 0 0 0 0 0 0 0 0 0 0 0 0 0 0 0 0 0 0 0 0 0 67 0 0 0 0 32 0 0 0 0 0 0 0 0 0 27 0 0 0 0 0 0 0 1 0 0 0 0 0 32 0 0 0 0 0 0 0 0 0 0 0 0 0 0 0 0 0 0 0 27 0 6 5 0 0 0 14 0 0 1 0 0 0 0 0 0 0 32 0 0 0 0 13 18 0 0 0 37 0 0 0 0 0 32 0 0 0 0 0 0 0 0 0 1 0 0 0 0 0 0 0 0 0 0 5 0 0 0 0 0 0 0 0 0 32 0 0 0 0 0 0 0 27 0 0 0 0 0 0 1 0 0 0 5 0 0 6 0 0 0 0 0 0 0 0 0 0 0 0 0 0 0 0 0 25 0 0 0 0 0 0 0 0 0 0 0 0 0 5 0 0 0 0 0 0 0 0 0 0 0 0 0 0 0 0 0 0 0 0 0 1 0 0 0 0 0 0 0 0 0 0 0 0 0 0 0 0 0 0 0 0 0 0 0 0 0 0 67 0 0 0 0 0 0 0 0 0 0 5 0 
# FILE:src/AbstractAsyncTableRendering.java, LINE:1044, OFFSET:1063, NODE_KIND:103, CONTEXT_KIND:0, NEIGHBOR_KIND:0, NUM_NODE:436, NUM_DECL:0, NUM_STMT:0, NUM_EXPR:0, TBID:5014, TEID:5175, VARs:{}27, 
5 0 0 0 0 0 0 0 0 0 0 0 0 0 0 0 0 0 0 0 0 0 0 0 0 0 0 0 0 0 0 56 0 0 0 0 26 0 0 0 0 0 0 0 0 0 22 0 0 0 0 0 0 0 1 0 0 0 0 0 26 0 0 0 0 0 0 0 0 0 0 0 0 0 0 0 0 0 0 0 22 0 5 4 0 0 0 11 0 0 1 0 0 0 0 0 0 0 26 0 0 0 0 11 15 0 0 0 30 0 0 0 0 0 26 0 0 0 0 0 0 0 0 0 1 0 0 0 0 0 0 0 0 0 0 4 0 0 0 0 0 0 0 0 0 26 0 0 0 0 0 0 0 22 0 0 0 0 0 0 1 0 0 0 4 0 0 5 0 0 0 0 0 0 0 0 0 0 0 0 0 0 0 0 0 21 0 0 0 0 0 0 0 0 0 0 0 0 0 4 0 0 0 0 0 0 0 0 0 0 0 0 0 0 0 0 0 0 0 0 0 1 0 0 0 0 0 0 0 0 0 0 0 0 0 0 0 0 0 0 0 0 0 0 0 0 0 0 56 0 0 0 0 0 0 0 0 0 0 4 0 
# FILE:src/AbstractAsyncTableRendering.java, LINE:1049, OFFSET:1063, NODE_KIND:103, CONTEXT_KIND:0, NEIGHBOR_KIND:0, NUM_NODE:342, NUM_DECL:0, NUM_STMT:0, NUM_EXPR:0, TBID:5048, TEID:5175, VARs:{}23, 
4 0 0 0 0 0 0 0 0 0 0 0 0 0 0 0 0 0 0 0 0 0 0 0 0 0 0 0 0 0 0 45 0 0 0 0 20 0 0 0 0 0 0 0 0 0 17 0 0 0 0 0 0 0 1 0 0 0 0 0 20 0 0 0 0 0 0 0 0 0 0 0 0 0 0 0 0 0 0 0 17 0 4 3 0 0 0 8 0 0 1 0 0 0 0 0 0 0 20 0 0 0 0 9 12 0 0 0 23 0 0 0 0 0 20 0 0 0 0 0 0 0 0 0 1 0 0 0 0 0 0 0 0 0 0 3 0 0 0 0 0 0 0 0 0 20 0 0 0 0 0 0 0 17 0 0 0 0 0 0 1 0 0 0 3 0 0 4 0 0 0 0 0 0 0 0 0 0 0 0 0 0 0 0 0 17 0 0 0 0 0 0 0 0 0 0 0 0 0 3 0 0 0 0 0 0 0 0 0 0 0 0 0 0 0 0 0 0 0 0 0 1 0 0 0 0 0 0 0 0 0 0 0 0 0 0 0 0 0 0 0 0 0 0 0 0 0 0 45 0 0 0 0 0 0 0 0 0 0 3 0 
# FILE:src/AbstractAsyncTableRendering.java, LINE:1053, OFFSET:1063, NODE_KIND:103, CONTEXT_KIND:0, NEIGHBOR_KIND:0, NUM_NODE:263, NUM_DECL:0, NUM_STMT:0, NUM_EXPR:0, TBID:5076, TEID:5175, VARs:{}21, 
3 0 0 0 0 0 0 0 0 0 0 0 0 0 0 0 0 0 0 0 0 0 0 0 0 0 0 0 0 0 0 35 0 0 0 0 15 0 0 0 0 0 0 0 0 0 13 0 0 0 0 0 0 0 1 0 0 0 0 0 15 0 0 0 0 0 0 0 0 0 0 0 0 0 0 0 0 0 0 0 13 0 3 2 0 0 0 7 0 0 1 0 0 0 0 0 0 0 15 0 0 0 0 7 10 0 0 0 17 0 0 0 0 0 15 0 0 0 0 0 0 0 0 0 1 0 0 0 0 0 0 0 0 0 0 2 0 0 0 0 0 0 0 0 0 15 0 0 0 0 0 0 0 13 0 0 0 0 0 0 1 0 0 0 2 0 0 3 0 0 0 0 0 0 0 0 0 0 0 0 0 0 0 0 0 14 0 0 0 0 0 0 0 0 0 0 0 0 0 2 0 0 0 0 0 0 0 0 0 0 0 0 0 0 0 0 0 0 0 0 0 1 0 0 0 0 0 0 0 0 0 0 0 0 0 0 0 0 0 0 0 0 0 0 0 0 0 0 35 0 0 0 0 0 0 0 0 0 0 2 0 
# FILE:src/AbstractAsyncTableRendering.java, LINE:1187, OFFSET:1214, NODE_KIND:103, CONTEXT_KIND:0, NEIGHBOR_KIND:0, NUM_NODE:364, NUM_DECL:0, NUM_STMT:0, NUM_EXPR:0, TBID:5638, TEID:5757, VARs:{}16, 
4 0 0 0 0 0 0 0 0 0 0 0 0 0 0 0 0 0 0 0 0 0 0 0 0 0 0 0 0 0 0 32 0 0 0 0 25 0 0 0 0 0 0 0 0 0 19 0 0 0 0 0 0 0 3 0 0 4 0 0 25 0 0 0 0 0 0 0 0 0 0 0 0 0 0 0 0 0 0 0 15 0 5 1 0 0 0 17 0 0 5 0 0 0 0 0 0 0 24 0 0 0 0 14 9 0 0 0 24 0 0 0 0 0 21 0 0 0 0 0 0 0 0 0 3 0 0 0 0 0 0 0 0 0 0 1 0 0 0 0 0 0 0 0 0 24 0 0 0 0 0 0 0 19 0 0 0 0 0 0 7 0 0 0 0 0 0 6 0 0 0 0 0 0 0 0 0 0 0 0 1 0 2 0 0 7 2 0 0 0 0 0 0 0 0 0 1 0 0 1 0 0 0 0 0 0 0 0 0 0 0 0 0 0 0 0 0 0 0 0 0 2 0 0 1 0 0 0 0 0 0 0 0 1 0 0 4 0 0 0 2 0 0 0 0 0 0 0 32 0 0 0 1 0 0 0 0 0 0 0 0 
# FILE:src/AbstractAsyncTableRendering.java, LINE:1226, OFFSET:1253, NODE_KIND:103, CONTEXT_KIND:0, NEIGHBOR_KIND:0, NUM_NODE:384, NUM_DECL:0, NUM_STMT:0, NUM_EXPR:0, TBID:5806, TEID:5932, VARs:{}16, 
4 0 0 0 0 0 0 0 0 0 0 0 0 0 0 0 0 0 0 0 0 0 0 0 0 0 0 0 0 0 0 34 0 0 0 0 27 0 0 0 0 0 0 0 0 0 20 0 0 0 0 0 0 0 3 0 0 4 0 0 27 0 0 0 0 0 0 0 0 0 0 0 0 0 0 0 0 0 0 0 16 0 5 1 0 0 0 18 0 0 5 0 0 0 0 0 0 0 25 0 0 0 0 15 10 0 0 0 25 0 0 0 0 0 22 0 0 0 0 0 0 0 0 0 3 0 0 0 0 0 0 0 0 0 0 1 0 0 0 0 0 0 0 0 0 25 0 0 0 0 0 0 0 20 0 0 0 0 0 0 7 0 0 0 0 0 0 6 0 0 0 0 0 0 0 0 0 0 0 0 1 0 2 0 0 7 2 0 0 0 0 0 0 0 0 0 2 0 0 1 0 0 0 0 0 0 0 0 0 0 0 0 0 0 0 0 0 0 0 0 0 2 0 0 1 0 0 0 0 0 0 1 0 1 0 0 4 0 0 0 2 0 0 0 0 0 0 0 34 0 0 0 1 0 0 0 0 0 0 0 0 
# FILE:src/AbstractAsyncTableRendering.java, LINE:1756, OFFSET:1781, NODE_KIND:103, CONTEXT_KIND:0, NEIGHBOR_KIND:0, NUM_NODE:380, NUM_DECL:0, NUM_STMT:0, NUM_EXPR:0, TBID:7812, TEID:7951, VARs:{}17, 
6 0 0 0 0 0 0 0 0 0 0 0 0 0 0 0 0 0 0 0 0 0 0 0 0 0 0 0 0 0 0 35 0 0 0 0 24 0 0 0 0 0 0 0 0 0 20 0 0 0 0 0 0 0 1 0 0 6 0 0 24 0 0 0 0 0 0 0 0 0 0 0 0 0 0 0 0 0 0 0 14 0 6 1 0 0 0 23 0 0 3 0 0 0 0 0 0 0 23 0 0 0 0 14 14 0 0 0 24 0 0 0 0 0 23 0 0 0 0 0 0 0 0 0 1 0 0 0 0 0 0 0 0 0 0 3 0 0 0 0 0 0 0 0 0 24 0 0 0 0 0 0 0 20 0 0 3 0 0 0 5 0 0 0 1 0 0 4 0 0 0 0 1 0 0 0 0 0 0 0 0 0 1 0 0 10 2 0 0 0 0 0 0 0 0 0 0 2 0 1 0 0 0 0 0 0 0 0 0 0 0 0 0 0 0 0 0 0 0 0 0 0 0 0 0 0 0 0 0 0 0 0 1 0 0 0 1 1 0 0 0 0 0 0 1 0 0 0 35 0 0 0 0 0 0 1 0 0 0 1 0 
# FILE:src/AbstractAsyncTableRendering.java, LINE:1922, OFFSET:1947, NODE_KIND:103, CONTEXT_KIND:0, NEIGHBOR_KIND:0, NUM_NODE:567, NUM_DECL:0, NUM_STMT:0, NUM_EXPR:0, TBID:8408, TEID:8579, VARs:{}26, 
2 0 0 0 0 0 0 0 0 0 0 0 0 0 0 0 0 0 0 0 0 0 0 0 0 0 0 0 0 0 0 54 0 0 0 0 43 0 0 0 0 0 0 0 0 0 33 0 0 0 0 0 0 0 7 0 0 1 0 0 42 0 0 0 0 0 0 0 0 0 0 0 0 0 0 0 0 0 0 0 32 0 2 0 0 0 0 24 0 0 3 0 0 0 0 0 0 0 37 0 0 0 0 10 12 0 0 0 38 0 0 0 0 0 35 0 0 0 0 0 0 0 0 0 7 0 0 0 0 0 0 0 0 0 0 2 0 0 0 0 0 0 0 0 2 38 0 0 0 0 0 0 0 33 0 0 0 0 0 0 8 0 0 0 1 0 0 3 0 0 0 0 0 0 0 0 0 0 0 0 1 0 1 0 0 8 1 0 0 0 0 1 0 0 0 0 3 0 0 0 0 0 0 0 0 5 0 0 0 0 0 0 0 0 0 0 0 1 0 0 0 3 0 0 0 0 0 0 0 0 0 3 0 1 0 0 6 0 0 0 1 0 0 0 0 0 0 1 54 0 0 0 0 5 0 0 0 0 0 0 3 
# FILE:src/AbstractAsyncTableRendering.java, LINE:1924, OFFSET:1947, NODE_KIND:103, CONTEXT_KIND:0, NEIGHBOR_KIND:0, NUM_NODE:544, NUM_DECL:0, NUM_STMT:0, NUM_EXPR:0, TBID:8414, TEID:8579, VARs:{}26, 
2 0 0 0 0 0 0 0 0 0 0 0 0 0 0 0 0 0 0 0 0 0 0 0 0 0 0 0 0 0 0 53 0 0 0 0 41 0 0 0 0 0 0 0 0 0 32 0 0 0 0 0 0 0 7 0 0 1 0 0 40 0 0 0 0 0 0 0 0 0 0 0 0 0 0 0 0 0 0 0 31 0 2 0 0 0 0 23 0 0 2 0 0 0 0 0 0 0 35 0 0 0 0 9 12 0 0 0 36 0 0 0 0 0 33 0 0 0 0 0 0 0 0 0 7 0 0 0 0 0 0 0 0 0 0 2 0 0 0 0 0 0 0 0 2 36 0 0 0 0 0 0 0 32 0 0 0 0 0 0 8 0 0 0 1 0 0 2 0 0 0 0 0 0 0 0 0 0 0 0 1 0 0 0 0 8 0 0 0 0 0 1 0 0 0 0 3 0 0 0 0 0 0 0 0 5 0 0 0 0 0 0 0 0 0 0 0 1 0 0 0 3 0 0 0 0 0 0 0 0 0 3 0 1 0 0 6 0 0 0 1 0 0 0 0 0 0 1 53 0 0 0 0 5 0 0 0 0 0 0 3 
# FILE:src/AbstractAsyncTableRendering.java, LINE:1986, OFFSET:2032, NODE_KIND:103, CONTEXT_KIND:0, NEIGHBOR_KIND:0, NUM_NODE:601, NUM_DECL:0, NUM_STMT:0, NUM_EXPR:0, TBID:8681, TEID:8877, VARs:{}30, 
8 0 0 0 0 0 0 0 0 0 0 0 0 0 0 0 0 0 0 0 0 0 0 0 0 0 0 0 0 0 0 68 0 0 0 0 41 0 0 0 0 0 0 0 0 0 35 0 0 0 0 0 0 0 6 0 0 0 0 0 39 0 0 0 0 0 0 0 0 0 0 0 0 0 0 0 0 0 0 0 35 0 5 1 0 0 0 19 0 0 3 0 0 0 0 0 0 0 39 0 0 0 0 18 17 0 0 0 40 0 0 0 0 0 36 0 0 0 0 0 0 0 0 0 6 0 0 0 0 0 0 0 0 0 0 0 0 0 0 0 0 0 0 0 0 39 0 0 0 0 0 0 0 35 0 0 0 0 0 2 6 0 0 0 1 0 0 4 0 0 0 0 0 0 0 0 0 0 0 1 0 0 0 0 0 14 2 0 0 0 0 2 0 0 0 0 0 0 0 1 0 0 0 0 0 0 0 0 0 0 0 0 0 0 0 1 0 1 0 0 0 0 0 0 0 0 0 0 0 0 0 0 0 0 0 0 3 0 0 0 1 0 0 0 0 0 0 0 68 0 0 0 0 0 0 0 0 0 0 0 4 
# FILE:src/AbstractAsyncTableRendering.java, LINE:1997, OFFSET:2032, NODE_KIND:103, CONTEXT_KIND:0, NEIGHBOR_KIND:0, NUM_NODE:524, NUM_DECL:0, NUM_STMT:0, NUM_EXPR:0, TBID:8709, TEID:8877, VARs:{}28, 
5 0 0 0 0 0 0 0 0 0 0 0 0 0 0 0 0 0 0 0 0 0 0 0 0 0 0 0 0 0 0 60 0 0 0 0 36 0 0 0 0 0 0 0 0 0 31 0 0 0 0 0 0 0 6 0 0 0 0 0 34 0 0 0 0 0 0 0 0 0 0 0 0 0 0 0 0 0 0 0 31 0 4 0 0 0 0 17 0 0 3 0 0 0 0 0 0 0 34 0 0 0 0 14 13 0 0 0 35 0 0 0 0 0 32 0 0 0 0 0 0 0 0 0 6 0 0 0 0 0 0 0 0 0 0 0 0 0 0 0 0 0 0 0 0 34 0 0 0 0 0 0 0 31 0 0 0 0 0 2 6 0 0 0 1 0 0 3 0 0 0 0 0 0 0 0 0 0 0 1 0 0 0 0 0 13 2 0 0 0 0 2 0 0 0 0 0 0 0 0 0 0 0 0 0 0 0 0 0 0 0 0 0 0 0 0 0 1 0 0 0 0 0 0 0 0 0 0 0 0 0 0 0 0 0 0 2 0 0 0 1 0 0 0 0 0 0 0 60 0 0 0 0 0 0 0 0 0 0 0 4 
# FILE:src/AbstractAsyncTableRendering.java, LINE:2312, OFFSET:2370, NODE_KIND:103, CONTEXT_KIND:0, NEIGHBOR_KIND:0, NUM_NODE:691, NUM_DECL:0, NUM_STMT:0, NUM_EXPR:0, TBID:9854, TEID:10107, VARs:{}29, 
16 0 0 0 0 0 0 0 0 0 0 0 0 0 0 0 0 0 0 0 0 0 0 0 0 0 0 0 0 0 0 74 0 0 0 0 42 0 0 0 0 0 0 0 0 0 33 0 0 0 0 0 0 0 7 0 0 5 0 0 41 0 0 0 0 0 0 0 0 0 0 0 0 0 0 0 0 0 0 0 28 0 8 2 0 0 0 26 0 0 9 0 0 0 0 0 0 0 41 0 0 0 0 33 25 0 0 0 42 0 0 0 0 0 38 0 0 0 0 0 0 0 0 0 7 0 0 0 0 0 0 0 0 0 0 0 0 0 0 0 0 0 0 0 0 41 0 0 0 0 0 0 0 33 0 0 0 0 0 0 12 0 0 0 1 3 0 11 0 0 0 0 0 0 0 1 0 0 0 0 0 0 5 0 0 17 5 0 0 0 0 1 0 0 0 0 0 0 0 2 0 0 0 0 0 0 0 0 0 0 0 0 0 0 0 0 0 0 0 0 0 2 0 0 0 0 0 0 0 0 0 0 0 0 0 0 3 0 0 0 3 0 0 0 0 0 0 0 74 0 0 0 0 0 0 0 0 0 0 0 0 
# FILE:src/AbstractAsyncTableRendering.java, LINE:2315, OFFSET:2370, NODE_KIND:103, CONTEXT_KIND:0, NEIGHBOR_KIND:0, NUM_NODE:668, NUM_DECL:0, NUM_STMT:0, NUM_EXPR:0, TBID:9860, TEID:10107, VARs:{}29, 
16 0 0 0 0 0 0 0 0 0 0 0 0 0 0 0 0 0 0 0 0 0 0 0 0 0 0 0 0 0 0 73 0 0 0 0 40 0 0 0 0 0 0 0 0 0 32 0 0 0 0 0 0 0 7 0 0 5 0 0 39 0 0 0 0 0 0 0 0 0 0 0 0 0 0 0 0 0 0 0 27 0 8 2 0 0 0 25 0 0 8 0 0 0 0 0 0 0 39 0 0 0 0 32 25 0 0 0 40 0 0 0 0 0 36 0 0 0 0 0 0 0 0 0 7 0 0 0 0 0 0 0 0 0 0 0 0 0 0 0 0 0 0 0 0 39 0 0 0 0 0 0 0 32 0 0 0 0 0 0 12 0 0 0 1 3 0 10 0 0 0 0 0 0 0 1 0 0 0 0 0 0 4 0 0 17 4 0 0 0 0 1 0 0 0 0 0 0 0 2 0 0 0 0 0 0 0 0 0 0 0 0 0 0 0 0 0 0 0 0 0 2 0 0 0 0 0 0 0 0 0 0 0 0 0 0 3 0 0 0 3 0 0 0 0 0 0 0 73 0 0 0 0 0 0 0 0 0 0 0 0 
# FILE:src/AbstractAsyncTableRendering.java, LINE:2339, OFFSET:2366, NODE_KIND:103, CONTEXT_KIND:0, NEIGHBOR_KIND:0, NUM_NODE:358, NUM_DECL:0, NUM_STMT:0, NUM_EXPR:0, TBID:9965, TEID:10098, VARs:{}16, 
7 0 0 0 0 0 0 0 0 0 0 0 0 0 0 0 0 0 0 0 0 0 0 0 0 0 0 0 0 0 0 41 0 0 0 0 22 0 0 0 0 0 0 0 0 0 17 0 0 0 0 0 0 0 3 0 0 1 0 0 21 0 0 0 0 0 0 0 0 0 0 0 0 0 0 0 0 0 0 0 16 0 5 2 0 0 0 12 0 0 4 0 0 0 0 0 0 0 21 0 0 0 0 16 13 0 0 0 22 0 0 0 0 0 20 0 0 0 0 0 0 0 0 0 3 0 0 0 0 0 0 0 0 0 0 0 0 0 0 0 0 0 0 0 0 21 0 0 0 0 0 0 0 17 0 0 0 0 0 0 4 0 0 0 1 0 0 6 0 0 0 0 0 0 0 0 0 0 0 0 0 0 3 0 0 11 3 0 0 0 0 1 0 0 0 0 0 0 0 2 0 0 0 0 0 0 0 0 0 0 0 0 0 0 0 0 0 0 0 0 0 0 0 0 0 0 0 0 0 0 0 0 0 0 0 0 1 0 0 0 1 0 0 0 0 0 0 0 41 0 0 0 0 0 0 0 0 0 0 0 0 
# FILE:src/AbstractAsyncTableRendering.java, LINE:2672, OFFSET:2682, NODE_KIND:103, CONTEXT_KIND:0, NEIGHBOR_KIND:0, NUM_NODE:398, NUM_DECL:0, NUM_STMT:0, NUM_EXPR:0, TBID:11084, TEID:11213, VARs:{}18, 
1 0 1 0 0 0 0 0 0 0 0 0 0 0 0 0 0 1 0 0 0 0 0 0 0 0 0 0 0 0 0 47 0 0 0 0 26 0 0 0 0 0 0 0 0 0 19 0 0 0 1 0 0 0 4 0 0 1 0 0 26 4 0 0 0 0 0 0 0 0 0 0 0 0 0 0 0 0 0 0 18 0 2 0 0 0 0 20 0 0 2 0 0 0 0 0 0 0 24 0 0 0 0 7 7 0 0 0 24 0 0 0 0 0 21 0 0 0 0 0 0 0 0 0 4 0 0 0 0 0 0 0 0 0 0 0 0 0 0 0 0 0 0 0 0 26 0 0 0 0 0 0 0 19 0 0 0 0 0 0 5 0 0 1 0 0 0 2 0 0 0 0 0 0 0 0 0 0 0 3 0 0 1 0 0 18 1 0 0 0 0 0 0 0 0 0 0 0 0 0 0 0 0 0 0 1 0 0 0 0 0 0 0 0 0 0 0 0 0 0 0 1 1 0 0 0 0 0 0 0 0 1 0 0 0 0 5 0 0 0 0 0 0 0 0 0 0 0 47 0 0 0 0 1 0 2 0 0 0 1 2 
# FILE:src/AbstractAsyncTableRendering.java, LINE:2674, OFFSET:2682, NODE_KIND:103, CONTEXT_KIND:0, NEIGHBOR_KIND:0, NUM_NODE:352, NUM_DECL:0, NUM_STMT:0, NUM_EXPR:0, TBID:11100, TEID:11213, VARs:{}17, 
1 0 0 0 0 0 0 0 0 0 0 0 0 0 0 0 0 0 0 0 0 0 0 0 0 0 0 0 0 0 0 42 0 0 0 0 23 0 0 0 0 0 0 0 0 0 17 0 0 0 1 0 0 0 3 0 0 1 0 0 23 4 0 0 0 0 0 0 0 0 0 0 0 0 0 0 0 0 0 0 16 0 2 0 0 0 0 19 0 0 2 0 0 0 0 0 0 0 21 0 0 0 0 6 7 0 0 0 21 0 0 0 0 0 19 0 0 0 0 0 0 0 0 0 3 0 0 0 0 0 0 0 0 0 0 0 0 0 0 0 0 0 0 0 0 23 0 0 0 0 0 0 0 17 0 0 0 0 0 0 4 0 0 0 0 0 0 2 0 0 0 0 0 0 0 0 0 0 0 2 0 0 1 0 0 17 1 0 0 0 0 0 0 0 0 0 0 0 0 0 0 0 0 0 0 1 0 0 0 0 0 0 0 0 0 0 0 0 0 0 0 0 0 0 0 0 0 0 0 0 0 1 0 0 0 0 4 0 0 0 0 0 0 0 0 0 0 0 42 0 0 0 0 1 0 2 0 0 0 1 2 
# FILE:src/AbstractAsyncTableRendering.java, LINE:2675, OFFSET:2682, NODE_KIND:103, CONTEXT_KIND:0, NEIGHBOR_KIND:0, NUM_NODE:317, NUM_DECL:0, NUM_STMT:0, NUM_EXPR:0, TBID:11109, TEID:11212, VARs:{}14, 
1 0 0 0 0 0 0 0 0 0 0 0 0 0 0 0 0 0 0 0 0 0 0 0 0 0 0 0 0 0 0 38 0 0 0 0 21 0 0 0 0 0 0 0 0 0 15 0 0 0 0 0 0 0 2 0 0 1 0 0 21 4 0 0 0 0 0 0 0 0 0 0 0 0 0 0 0 0 0 0 14 0 1 0 0 0 0 18 0 0 2 0 0 0 0 0 0 0 19 0 0 0 0 5 7 0 0 0 19 0 0 0 0 0 17 0 0 0 0 0 0 0 0 0 2 0 0 0 0 0 0 0 0 0 0 0 0 0 0 0 0 0 0 0 0 21 0 0 0 0 0 0 0 15 0 0 0 0 0 0 3 0 0 0 0 0 0 2 0 0 0 0 0 0 0 0 0 0 0 2 0 0 1 0 0 17 1 0 0 0 0 0 0 0 0 0 0 0 0 0 0 0 0 0 0 0 0 0 0 0 0 0 0 0 0 0 0 0 0 0 0 0 0 0 0 0 0 0 0 0 0 1 0 0 0 0 4 0 0 0 0 0 0 0 0 0 0 0 38 0 0 0 0 0 0 2 0 0 0 1 2 
# FILE:src/AbstractAsyncTableRendering.java, LINE:2705, OFFSET:2714, NODE_KIND:103, CONTEXT_KIND:0, NEIGHBOR_KIND:0, NUM_NODE:357, NUM_DECL:0, NUM_STMT:0, NUM_EXPR:0, TBID:11293, TEID:11408, VARs:{}15, 
1 0 1 0 0 0 0 0 0 0 0 0 0 0 0 0 0 1 0 0 0 0 0 0 0 0 0 0 0 0 0 45 0 0 0 0 24 0 0 0 0 0 0 0 0 0 17 0 0 0 0 0 0 0 3 0 0 1 0 0 24 4 0 0 0 0 0 0 0 0 0 0 0 0 0 0 0 0 0 0 16 0 2 0 0 0 0 14 0 0 2 0 0 0 0 0 0 0 22 0 0 0 0 7 6 0 0 0 22 0 0 0 0 0 19 0 0 0 0 0 0 0 0 0 3 0 0 0 0 0 0 0 0 0 0 0 0 0 0 0 0 0 0 0 0 24 0 0 0 0 0 0 0 17 0 0 0 0 0 0 4 0 0 1 0 0 0 2 0 0 0 0 0 0 0 0 0 0 0 2 0 0 1 0 0 16 1 0 0 0 0 0 0 0 0 0 0 0 0 0 0 0 0 0 0 0 0 0 0 0 0 0 0 0 0 0 0 0 0 0 0 1 1 0 0 0 0 0 0 0 0 1 0 0 0 0 1 0 0 0 1 0 0 0 0 0 0 0 45 0 0 0 0 0 0 2 0 0 0 1 2 
# FILE:src/AbstractAsyncTableRendering.java, LINE:2707, OFFSET:2714, NODE_KIND:103, CONTEXT_KIND:0, NEIGHBOR_KIND:0, NUM_NODE:334, NUM_DECL:0, NUM_STMT:0, NUM_EXPR:0, TBID:11299, TEID:11408, VARs:{}15, 
1 0 1 0 0 0 0 0 0 0 0 0 0 0 0 0 0 1 0 0 0 0 0 0 0 0 0 0 0 0 0 44 0 0 0 0 22 0 0 0 0 0 0 0 0 0 16 0 0 0 0 0 0 0 3 0 0 1 0 0 22 4 0 0 0 0 0 0 0 0 0 0 0 0 0 0 0 0 0 0 15 0 2 0 0 0 0 13 0 0 1 0 0 0 0 0 0 0 20 0 0 0 0 6 6 0 0 0 20 0 0 0 0 0 17 0 0 0 0 0 0 0 0 0 3 0 0 0 0 0 0 0 0 0 0 0 0 0 0 0 0 0 0 0 0 22 0 0 0 0 0 0 0 16 0 0 0 0 0 0 4 0 0 1 0 0 0 1 0 0 0 0 0 0 0 0 0 0 0 2 0 0 0 0 0 16 0 0 0 0 0 0 0 0 0 0 0 0 0 0 0 0 0 0 0 0 0 0 0 0 0 0 0 0 0 0 0 0 0 0 0 1 1 0 0 0 0 0 0 0 0 1 0 0 0 0 1 0 0 0 1 0 0 0 0 0 0 0 44 0 0 0 0 0 0 2 0 0 0 1 2 
# FILE:src/AbstractAsyncTableRendering.java, LINE:2707, OFFSET:2714, NODE_KIND:103, CONTEXT_KIND:0, NEIGHBOR_KIND:0, NUM_NODE:332, NUM_DECL:0, NUM_STMT:0, NUM_EXPR:0, TBID:11300, TEID:11407, VARs:{}15, 
1 0 1 0 0 0 0 0 0 0 0 0 0 0 0 0 0 1 0 0 0 0 0 0 0 0 0 0 0 0 0 44 0 0 0 0 22 0 0 0 0 0 0 0 0 0 16 0 0 0 0 0 0 0 3 0 0 1 0 0 22 4 0 0 0 0 0 0 0 0 0 0 0 0 0 0 0 0 0 0 15 0 1 0 0 0 0 13 0 0 1 0 0 0 0 0 0 0 20 0 0 0 0 5 6 0 0 0 20 0 0 0 0 0 17 0 0 0 0 0 0 0 0 0 3 0 0 0 0 0 0 0 0 0 0 0 0 0 0 0 0 0 0 0 0 22 0 0 0 0 0 0 0 16 0 0 0 0 0 0 4 0 0 1 0 0 0 1 0 0 0 0 0 0 0 0 0 0 0 2 0 0 0 0 0 16 0 0 0 0 0 0 0 0 0 0 0 0 0 0 0 0 0 0 0 0 0 0 0 0 0 0 0 0 0 0 0 0 0 0 0 1 1 0 0 0 0 0 0 0 0 1 0 0 0 0 1 0 0 0 1 0 0 0 0 0 0 0 44 0 0 0 0 0 0 2 0 0 0 1 2 
# FILE:src/AbstractAsyncTableRendering.java, LINE:2736, OFFSET:2757, NODE_KIND:103, CONTEXT_KIND:0, NEIGHBOR_KIND:0, NUM_NODE:577, NUM_DECL:0, NUM_STMT:0, NUM_EXPR:0, TBID:11428, TEID:11607, VARs:{}25, 
2 0 0 0 0 0 0 0 0 0 0 0 0 0 0 0 0 0 0 0 0 0 0 0 0 0 0 0 0 0 0 59 0 0 0 0 41 0 0 0 0 0 0 0 0 0 33 0 0 0 0 0 0 0 8 0 0 0 0 0 41 0 0 0 0 0 0 0 0 0 0 0 0 0 0 0 0 0 0 0 33 0 5 1 0 0 0 18 0 0 5 0 0 0 0 0 0 0 38 0 0 0 0 12 11 0 0 0 41 0 0 0 0 0 37 0 0 0 0 0 0 0 0 0 8 0 0 0 0 0 0 0 0 0 0 5 0 0 0 0 0 0 0 0 2 40 0 0 0 0 0 0 0 33 0 0 0 0 0 0 8 0 0 0 3 0 0 6 0 0 0 0 0 0 0 0 0 0 0 0 0 0 3 0 0 7 3 0 0 0 0 0 0 0 0 0 1 0 0 1 0 0 0 0 0 2 0 0 0 0 0 0 0 0 0 0 0 0 0 0 0 2 0 0 0 0 0 0 0 0 0 0 0 1 0 0 2 0 0 0 1 0 0 0 0 0 0 0 59 0 0 0 0 2 0 1 0 0 0 1 1 
# FILE:src/AbstractAsyncTableRendering.java, LINE:2737, OFFSET:2757, NODE_KIND:103, CONTEXT_KIND:0, NEIGHBOR_KIND:0, NUM_NODE:559, NUM_DECL:0, NUM_STMT:0, NUM_EXPR:0, TBID:11434, TEID:11607, VARs:{}25, 
2 0 0 0 0 0 0 0 0 0 0 0 0 0 0 0 0 0 0 0 0 0 0 0 0 0 0 0 0 0 0 57 0 0 0 0 40 0 0 0 0 0 0 0 0 0 32 0 0 0 0 0 0 0 8 0 0 0 0 0 40 0 0 0 0 0 0 0 0 0 0 0 0 0 0 0 0 0 0 0 32 0 5 1 0 0 0 18 0 0 4 0 0 0 0 0 0 0 37 0 0 0 0 11 11 0 0 0 39 0 0 0 0 0 36 0 0 0 0 0 0 0 0 0 8 0 0 0 0 0 0 0 0 0 0 5 0 0 0 0 0 0 0 0 2 39 0 0 0 0 0 0 0 32 0 0 0 0 0 0 8 0 0 0 2 0 0 5 0 0 0 0 0 0 0 0 0 0 0 0 0 0 3 0 0 7 3 0 0 0 0 0 0 0 0 0 1 0 0 1 0 0 0 0 0 2 0 0 0 0 0 0 0 0 0 0 0 0 0 0 0 2 0 0 0 0 0 0 0 0 0 0 0 1 0 0 2 0 0 0 1 0 0 0 0 0 0 0 57 0 0 0 0 2 0 1 0 0 0 1 1 
# FILE:src/AbstractAsyncTableRendering.java, LINE:2738, OFFSET:2757, NODE_KIND:103, CONTEXT_KIND:0, NEIGHBOR_KIND:0, NUM_NODE:491, NUM_DECL:0, NUM_STMT:0, NUM_EXPR:0, TBID:11456, TEID:11606, VARs:{}21, 
2 0 0 0 0 0 0 0 0 0 0 0 0 0 0 0 0 0 0 0 0 0 0 0 0 0 0 0 0 0 0 48 0 0 0 0 36 0 0 0 0 0 0 0 0 0 28 0 0 0 0 0 0 0 7 0 0 0 0 0 36 0 0 0 0 0 0 0 0 0 0 0 0 0 0 0 0 0 0 0 28 0 4 1 0 0 0 15 0 0 4 0 0 0 0 0 0 0 33 0 0 0 0 10 8 0 0 0 35 0 0 0 0 0 32 0 0 0 0 0 0 0 0 0 7 0 0 0 0 0 0 0 0 0 0 5 0 0 0 0 0 0 0 0 2 35 0 0 0 0 0 0 0 28 0 0 0 0 0 0 7 0 0 0 2 0 0 5 0 0 0 0 0 0 0 0 0 0 0 0 0 0 3 0 0 4 3 0 0 0 0 0 0 0 0 0 1 0 0 1 0 0 0 0 0 2 0 0 0 0 0 0 0 0 0 0 0 0 0 0 0 2 0 0 0 0 0 0 0 0 0 0 0 1 0 0 2 0 0 0 1 0 0 0 0 0 0 0 48 0 0 0 0 2 0 1 0 0 0 1 1 
# FILE:src/AbstractAsyncTableRendering.java, LINE:2739, OFFSET:2757, NODE_KIND:103, CONTEXT_KIND:0, NEIGHBOR_KIND:0, NUM_NODE:455, NUM_DECL:0, NUM_STMT:0, NUM_EXPR:0, TBID:11466, TEID:11606, VARs:{}21, 
2 0 0 0 0 0 0 0 0 0 0 0 0 0 0 0 0 0 0 0 0 0 0 0 0 0 0 0 0 0 0 45 0 0 0 0 33 0 0 0 0 0 0 0 0 0 27 0 0 0 0 0 0 0 7 0 0 0 0 0 33 0 0 0 0 0 0 0 0 0 0 0 0 0 0 0 0 0 0 0 27 0 4 1 0 0 0 14 0 0 3 0 0 0 0 0 0 0 30 0 0 0 0 9 8 0 0 0 31 0 0 0 0 0 29 0 0 0 0 0 0 0 0 0 7 0 0 0 0 0 0 0 0 0 0 5 0 0 0 0 0 0 0 0 2 32 0 0 0 0 0 0 0 27 0 0 0 0 0 0 7 0 0 0 1 0 0 4 0 0 0 0 0 0 0 0 0 0 0 0 0 0 2 0 0 4 2 0 0 0 0 0 0 0 0 0 1 0 0 1 0 0 0 0 0 2 0 0 0 0 0 0 0 0 0 0 0 0 0 0 0 2 0 0 0 0 0 0 0 0 0 0 0 1 0 0 2 0 0 0 1 0 0 0 0 0 0 0 45 0 0 0 0 2 0 1 0 0 0 0 1 
# FILE:src/AbstractAsyncTableRendering.java, LINE:2740, OFFSET:2757, NODE_KIND:103, CONTEXT_KIND:0, NEIGHBOR_KIND:0, NUM_NODE:430, NUM_DECL:0, NUM_STMT:0, NUM_EXPR:0, TBID:11476, TEID:11605, VARs:{}18, 
2 0 0 0 0 0 0 0 0 0 0 0 0 0 0 0 0 0 0 0 0 0 0 0 0 0 0 0 0 0 0 41 0 0 0 0 32 0 0 0 0 0 0 0 0 0 26 0 0 0 0 0 0 0 6 0 0 0 0 0 32 0 0 0 0 0 0 0 0 0 0 0 0 0 0 0 0 0 0 0 26 0 3 1 0 0 0 13 0 0 3 0 0 0 0 0 0 0 29 0 0 0 0 8 7 0 0 0 30 0 0 0 0 0 28 0 0 0 0 0 0 0 0 0 6 0 0 0 0 0 0 0 0 0 0 5 0 0 0 0 0 0 0 0 2 31 0 0 0 0 0 0 0 26 0 0 0 0 0 0 6 0 0 0 1 0 0 4 0 0 0 0 0 0 0 0 0 0 0 0 0 0 2 0 0 3 2 0 0 0 0 0 0 0 0 0 1 0 0 1 0 0 0 0 0 2 0 0 0 0 0 0 0 0 0 0 0 0 0 0 0 2 0 0 0 0 0 0 0 0 0 0 0 1 0 0 2 0 0 0 1 0 0 0 0 0 0 0 41 0 0 0 0 2 0 1 0 0 0 0 1 
# FILE:src/AbstractAsyncTableRendering.java, LINE:2741, OFFSET:2757, NODE_KIND:103, CONTEXT_KIND:0, NEIGHBOR_KIND:0, NUM_NODE:412, NUM_DECL:0, NUM_STMT:0, NUM_EXPR:0, TBID:11482, TEID:11605, VARs:{}18, 
2 0 0 0 0 0 0 0 0 0 0 0 0 0 0 0 0 0 0 0 0 0 0 0 0 0 0 0 0 0 0 39 0 0 0 0 31 0 0 0 0 0 0 0 0 0 25 0 0 0 0 0 0 0 6 0 0 0 0 0 31 0 0 0 0 0 0 0 0 0 0 0 0 0 0 0 0 0 0 0 25 0 3 1 0 0 0 13 0 0 2 0 0 0 0 0 0 0 28 0 0 0 0 7 7 0 0 0 28 0 0 0 0 0 27 0 0 0 0 0 0 0 0 0 6 0 0 0 0 0 0 0 0 0 0 5 0 0 0 0 0 0 0 0 2 30 0 0 0 0 0 0 0 25 0 0 0 0 0 0 6 0 0 0 0 0 0 3 0 0 0 0 0 0 0 0 0 0 0 0 0 0 2 0 0 3 2 0 0 0 0 0 0 0 0 0 1 0 0 1 0 0 0 0 0 2 0 0 0 0 0 0 0 0 0 0 0 0 0 0 0 2 0 0 0 0 0 0 0 0 0 0 0 1 0 0 2 0 0 0 1 0 0 0 0 0 0 0 39 0 0 0 0 2 0 1 0 0 0 0 1 
# FILE:src/AbstractAsyncTableRendering.java, LINE:2743, OFFSET:2757, NODE_KIND:103, CONTEXT_KIND:0, NEIGHBOR_KIND:0, NUM_NODE:380, NUM_DECL:0, NUM_STMT:0, NUM_EXPR:0, TBID:11491, TEID:11604, VARs:{}16, 
2 0 0 0 0 0 0 0 0 0 0 0 0 0 0 0 0 0 0 0 0 0 0 0 0 0 0 0 0 0 0 35 0 0 0 0 29 0 0 0 0 0 0 0 0 0 23 0 0 0 0 0 0 0 5 0 0 0 0 0 29 0 0 0 0 0 0 0 0 0 0 0 0 0 0 0 0 0 0 0 23 0 2 1 0 0 0 13 0 0 2 0 0 0 0 0 0 0 26 0 0 0 0 6 7 0 0 0 26 0 0 0 0 0 25 0 0 0 0 0 0 0 0 0 5 0 0 0 0 0 0 0 0 0 0 4 0 0 0 0 0 0 0 0 2 28 0 0 0 0 0 0 0 23 0 0 0 0 0 0 5 0 0 0 0 0 0 3 0 0 0 0 0 0 0 0 0 0 0 0 0 0 2 0 0 3 2 0 0 0 0 0 0 0 0 0 1 0 0 1 0 0 0 0 0 2 0 0 0 0 0 0 0 0 0 0 0 0 0 0 0 2 0 0 0 0 0 0 0 0 0 0 0 1 0 0 2 0 0 0 1 0 0 0 0 0 0 0 35 0 0 0 0 2 0 1 0 0 0 0 1 
# FILE:src/AbstractAsyncTableRendering.java, LINE:2802, OFFSET:2824, NODE_KIND:103, CONTEXT_KIND:0, NEIGHBOR_KIND:0, NUM_NODE:360, NUM_DECL:0, NUM_STMT:0, NUM_EXPR:0, TBID:11751, TEID:11881, VARs:{}12, 
5 0 3 0 0 0 0 0 0 0 0 0 0 0 0 0 0 1 0 0 0 0 0 0 0 0 0 0 0 0 0 40 0 0 0 0 26 0 0 0 0 0 0 0 0 0 15 0 0 0 4 0 0 0 2 0 0 0 0 0 26 0 0 0 0 0 0 0 0 0 0 0 0 0 0 0 0 0 0 0 15 0 5 2 0 0 0 16 0 0 0 0 0 0 0 0 0 0 18 0 0 0 0 11 10 0 0 0 18 0 0 0 0 0 16 0 0 0 0 0 0 0 0 0 2 0 0 0 0 0 0 0 0 0 0 0 0 0 0 0 0 0 0 0 0 23 0 0 0 0 0 0 0 15 0 0 1 0 0 0 2 0 0 1 0 0 0 2 0 0 0 0 0 0 0 0 0 0 0 1 0 0 0 0 0 11 0 0 0 0 0 0 0 0 0 0 3 0 0 2 0 0 0 0 0 4 0 0 0 0 0 0 0 0 0 1 0 0 0 0 0 2 3 0 0 0 0 0 0 0 0 0 0 2 0 0 4 0 0 0 0 0 0 0 1 0 0 0 40 0 0 0 0 4 0 3 0 0 0 0 0 
# FILE:src/AbstractAsyncTableRendering.java, LINE:2806, OFFSET:2824, NODE_KIND:103, CONTEXT_KIND:0, NEIGHBOR_KIND:0, NUM_NODE:308, NUM_DECL:0, NUM_STMT:0, NUM_EXPR:0, TBID:11769, TEID:11881, VARs:{}12, 
5 0 2 0 0 0 0 0 0 0 0 0 0 0 0 0 0 0 0 0 0 0 0 0 0 0 0 0 0 0 0 35 0 0 0 0 22 0 0 0 0 0 0 0 0 0 13 0 0 0 4 0 0 0 1 0 0 0 0 0 22 0 0 0 0 0 0 0 0 0 0 0 0 0 0 0 0 0 0 0 13 0 5 2 0 0 0 14 0 0 0 0 0 0 0 0 0 0 15 0 0 0 0 10 10 0 0 0 15 0 0 0 0 0 14 0 0 0 0 0 0 0 0 0 1 0 0 0 0 0 0 0 0 0 0 0 0 0 0 0 0 0 0 0 0 19 0 0 0 0 0 0 0 13 0 0 1 0 0 0 1 0 0 0 0 0 0 2 0 0 0 0 0 0 0 0 0 0 0 0 0 0 0 0 0 10 0 0 0 0 0 0 0 0 0 0 3 0 0 2 0 0 0 0 0 4 0 0 0 0 0 0 0 0 0 1 0 0 0 0 0 1 2 0 0 0 0 0 0 0 0 0 0 1 0 0 2 0 0 0 0 0 0 0 1 0 0 0 35 0 0 0 0 4 0 3 0 0 0 0 0 
# FILE:src/AbstractAsyncTableRendering.java, LINE:2806, OFFSET:2824, NODE_KIND:103, CONTEXT_KIND:0, NEIGHBOR_KIND:0, NUM_NODE:306, NUM_DECL:0, NUM_STMT:0, NUM_EXPR:0, TBID:11770, TEID:11880, VARs:{}12, 
5 0 2 0 0 0 0 0 0 0 0 0 0 0 0 0 0 0 0 0 0 0 0 0 0 0 0 0 0 0 0 35 0 0 0 0 22 0 0 0 0 0 0 0 0 0 13 0 0 0 4 0 0 0 1 0 0 0 0 0 22 0 0 0 0 0 0 0 0 0 0 0 0 0 0 0 0 0 0 0 13 0 4 2 0 0 0 14 0 0 0 0 0 0 0 0 0 0 15 0 0 0 0 9 10 0 0 0 15 0 0 0 0 0 14 0 0 0 0 0 0 0 0 0 1 0 0 0 0 0 0 0 0 0 0 0 0 0 0 0 0 0 0 0 0 19 0 0 0 0 0 0 0 13 0 0 1 0 0 0 1 0 0 0 0 0 0 2 0 0 0 0 0 0 0 0 0 0 0 0 0 0 0 0 0 10 0 0 0 0 0 0 0 0 0 0 3 0 0 2 0 0 0 0 0 4 0 0 0 0 0 0 0 0 0 1 0 0 0 0 0 1 2 0 0 0 0 0 0 0 0 0 0 1 0 0 2 0 0 0 0 0 0 0 1 0 0 0 35 0 0 0 0 4 0 3 0 0 0 0 0 
# FILE:src/AbstractAsyncTableRendering.java, LINE:2870, OFFSET:2890, NODE_KIND:103, CONTEXT_KIND:0, NEIGHBOR_KIND:0, NUM_NODE:290, NUM_DECL:0, NUM_STMT:0, NUM_EXPR:0, TBID:12020, TEID:12130, VARs:{}14, 
8 0 0 0 0 0 0 0 0 0 0 0 0 0 0 0 0 0 0 0 0 0 0 0 0 0 0 0 0 0 0 31 0 0 0 0 17 0 0 0 0 0 0 0 0 0 14 0 0 0 0 0 0 0 2 0 0 3 0 0 17 0 0 0 0 0 0 0 0 0 0 0 0 0 0 0 0 0 0 0 11 0 5 0 0 0 0 12 0 0 3 0 0 0 0 0 1 0 16 0 0 0 0 14 10 0 0 0 17 0 0 0 0 0 14 0 0 0 0 0 0 0 0 0 2 0 0 0 0 0 0 0 0 0 0 1 0 0 0 0 0 0 0 0 0 17 0 0 0 0 0 0 0 14 0 0 1 0 0 0 5 0 0 0 1 1 0 3 0 0 0 0 1 0 0 0 0 0 0 0 2 0 0 0 0 7 0 0 0 0 0 0 0 0 0 0 0 0 0 0 0 0 0 0 0 0 0 0 0 0 0 0 0 0 0 0 0 0 0 0 0 1 0 0 0 0 0 0 0 0 0 0 0 0 0 0 5 1 0 0 0 0 0 1 0 0 0 0 31 0 0 0 0 0 0 1 0 0 0 0 0 
# FILE:src/AbstractTableRendering.java, LINE:141, OFFSET:3736, NODE_KIND:128, CONTEXT_KIND:0, NEIGHBOR_KIND:0, NUM_NODE:36432, NUM_DECL:0, NUM_STMT:0, NUM_EXPR:0, TBID:1100, TEID:14587, VARs:{}686, 
564 0 22 0 0 0 0 2 0 0 0 0 1 0 0 0 0 14 0 0 0 0 0 0 0 0 0 0 0 0 0 4070 0 0 0 0 2239 0 0 0 0 0 0 0 0 1 1815 0 0 0 26 0 0 0 340 0 0 162 0 0 2176 16 0 5 0 0 0 0 0 0 5 0 0 194 0 0 0 0 0 0 1653 0 419 55 0 0 0 1401 0 0 249 0 0 0 0 141 4 0 2076 0 0 0 0 1265 1123 0 0 0 2110 0 0 0 0 0 1998 0 0 0 0 0 0 0 49 0 291 223 0 0 1 0 0 0 0 0 0 61 0 0 0 0 0 0 0 0 22 2131 0 0 4 0 5 0 0 1815 0 0 30 0 5 3 452 0 65 14 34 90 123 304 4 2 0 0 15 0 0 28 4 10 3 35 9 0 58 0 0 867 126 0 7 1 0 63 0 0 0 0 29 3 0 55 0 0 0 0 0 61 79 14 10 0 0 0 0 6 0 12 1 12 6 1 0 127 22 0 39 0 0 0 0 0 0 165 4 34 0 2 186 18 2 0 22 0 0 4 76 1 0 14 4070 0 1 1 18 61 0 35 0 0 4 31 106 
# FILE:src/AbstractTableRendering.java, LINE:397, OFFSET:420, NODE_KIND:103, CONTEXT_KIND:0, NEIGHBOR_KIND:0, NUM_NODE:484, NUM_DECL:0, NUM_STMT:0, NUM_EXPR:0, TBID:1946, TEID:2111, VARs:{}22, 
6 0 0 0 0 0 0 0 0 0 0 0 0 0 0 0 0 0 0 0 0 0 0 0 0 0 0 0 0 0 0 51 0 0 0 0 32 0 0 0 0 0 0 0 0 0 27 0 0 0 0 0 0 0 0 0 0 0 0 0 32 0 0 0 0 0 0 0 0 0 0 0 0 0 0 0 0 0 0 0 27 0 6 4 0 0 0 14 0 0 3 0 0 0 0 0 0 0 32 0 0 0 0 15 16 0 0 0 37 0 0 0 0 0 32 0 0 0 0 0 0 0 0 0 0 0 0 0 0 0 0 0 0 0 0 5 0 0 0 0 0 0 0 0 0 32 0 0 0 0 0 0 0 27 0 0 0 0 0 0 0 0 0 0 5 2 0 7 0 0 0 0 0 0 0 0 0 0 0 0 0 0 0 0 0 12 0 0 0 0 0 0 0 0 0 0 0 0 0 4 0 0 0 0 0 0 0 0 0 0 0 0 0 0 0 0 0 0 0 0 0 0 0 0 0 0 0 0 0 0 0 0 0 0 0 0 0 0 0 0 0 0 0 0 0 0 0 0 51 0 0 0 0 0 0 0 0 0 0 5 0 
# FILE:src/AbstractTableRendering.java, LINE:401, OFFSET:420, NODE_KIND:103, CONTEXT_KIND:0, NEIGHBOR_KIND:0, NUM_NODE:408, NUM_DECL:0, NUM_STMT:0, NUM_EXPR:0, TBID:1972, TEID:2111, VARs:{}20, 
5 0 0 0 0 0 0 0 0 0 0 0 0 0 0 0 0 0 0 0 0 0 0 0 0 0 0 0 0 0 0 42 0 0 0 0 27 0 0 0 0 0 0 0 0 0 23 0 0 0 0 0 0 0 0 0 0 0 0 0 27 0 0 0 0 0 0 0 0 0 0 0 0 0 0 0 0 0 0 0 23 0 5 3 0 0 0 13 0 0 3 0 0 0 0 0 0 0 27 0 0 0 0 13 14 0 0 0 31 0 0 0 0 0 27 0 0 0 0 0 0 0 0 0 0 0 0 0 0 0 0 0 0 0 0 4 0 0 0 0 0 0 0 0 0 27 0 0 0 0 0 0 0 23 0 0 0 0 0 0 0 0 0 0 4 2 0 6 0 0 0 0 0 0 0 0 0 0 0 0 0 0 0 0 0 10 0 0 0 0 0 0 0 0 0 0 0 0 0 3 0 0 0 0 0 0 0 0 0 0 0 0 0 0 0 0 0 0 0 0 0 0 0 0 0 0 0 0 0 0 0 0 0 0 0 0 0 0 0 0 0 0 0 0 0 0 0 0 42 0 0 0 0 0 0 0 0 0 0 4 0 
# FILE:src/AbstractTableRendering.java, LINE:405, OFFSET:420, NODE_KIND:103, CONTEXT_KIND:0, NEIGHBOR_KIND:0, NUM_NODE:317, NUM_DECL:0, NUM_STMT:0, NUM_EXPR:0, TBID:2004, TEID:2111, VARs:{}18, 
4 0 0 0 0 0 0 0 0 0 0 0 0 0 0 0 0 0 0 0 0 0 0 0 0 0 0 0 0 0 0 32 0 0 0 0 21 0 0 0 0 0 0 0 0 0 18 0 0 0 0 0 0 0 0 0 0 0 0 0 21 0 0 0 0 0 0 0 0 0 0 0 0 0 0 0 0 0 0 0 18 0 4 2 0 0 0 10 0 0 3 0 0 0 0 0 0 0 21 0 0 0 0 11 11 0 0 0 24 0 0 0 0 0 21 0 0 0 0 0 0 0 0 0 0 0 0 0 0 0 0 0 0 0 0 3 0 0 0 0 0 0 0 0 0 21 0 0 0 0 0 0 0 18 0 0 0 0 0 0 0 0 0 0 3 2 0 5 0 0 0 0 0 0 0 0 0 0 0 0 0 0 0 0 0 7 0 0 0 0 0 0 0 0 0 0 0 0 0 2 0 0 0 0 0 0 0 0 0 0 0 0 0 0 0 0 0 0 0 0 0 0 0 0 0 0 0 0 0 0 0 0 0 0 0 0 0 0 0 0 0 0 0 0 0 0 0 0 32 0 0 0 0 0 0 0 0 0 0 3 0 
# FILE:src/AbstractTableRendering.java, LINE:532, OFFSET:585, NODE_KIND:103, CONTEXT_KIND:0, NEIGHBOR_KIND:0, NUM_NODE:640, NUM_DECL:0, NUM_STMT:0, NUM_EXPR:0, TBID:2448, TEID:2666, VARs:{}24, 
10 0 0 0 0 0 0 0 0 0 0 0 0 0 0 0 0 0 0 0 0 0 0 0 0 0 0 0 0 0 0 55 0 0 0 0 49 0 0 0 0 0 0 0 0 0 36 0 0 0 0 0 0 0 3 0 0 0 0 0 46 0 0 0 0 0 0 0 0 0 0 0 0 0 0 0 0 0 0 0 36 0 10 7 0 0 0 25 0 0 2 0 0 0 0 0 1 0 42 0 0 0 0 22 23 0 0 0 42 0 0 0 0 0 38 0 0 0 0 0 0 0 0 0 3 0 0 0 0 0 0 0 0 0 0 0 0 0 0 0 0 0 0 0 0 46 0 0 0 0 0 0 0 36 0 0 0 0 0 0 3 0 0 0 0 5 0 9 0 0 0 0 0 0 0 0 0 0 0 2 0 0 0 0 0 7 0 0 0 0 0 3 0 0 0 0 0 0 0 7 0 0 0 0 0 0 0 0 0 0 0 0 0 0 0 2 0 0 0 0 0 2 0 0 0 0 0 0 0 0 0 1 0 2 0 0 4 1 0 0 0 0 0 1 0 0 0 0 55 0 0 0 0 0 0 2 0 0 0 2 0 
# FILE:src/AbstractTableRendering.java, LINE:537, OFFSET:575, NODE_KIND:103, CONTEXT_KIND:0, NEIGHBOR_KIND:0, NUM_NODE:516, NUM_DECL:0, NUM_STMT:0, NUM_EXPR:0, TBID:2462, TEID:2633, VARs:{}16, 
7 0 0 0 0 0 0 0 0 0 0 0 0 0 0 0 0 0 0 0 0 0 0 0 0 0 0 0 0 0 0 43 0 0 0 0 41 0 0 0 0 0 0 0 0 0 29 0 0 0 0 0 0 0 3 0 0 0 0 0 39 0 0 0 0 0 0 0 0 0 0 0 0 0 0 0 0 0 0 0 29 0 8 6 0 0 0 21 0 0 1 0 0 0 0 0 0 0 35 0 0 0 0 16 18 0 0 0 35 0 0 0 0 0 31 0 0 0 0 0 0 0 0 0 3 0 0 0 0 0 0 0 0 0 0 0 0 0 0 0 0 0 0 0 0 39 0 0 0 0 0 0 0 29 0 0 0 0 0 0 3 0 0 0 0 3 0 7 0 0 0 0 0 0 0 0 0 0 0 2 0 0 0 0 0 3 0 0 0 0 0 2 0 0 0 0 0 0 0 6 0 0 0 0 0 0 0 0 0 0 0 0 0 0 0 2 0 0 0 0 0 2 0 0 0 0 0 0 0 0 0 0 0 2 0 0 4 0 0 0 0 0 0 0 0 0 0 0 43 0 0 0 0 0 0 2 0 0 0 2 0 
# FILE:src/AbstractTableRendering.java, LINE:541, OFFSET:568, NODE_KIND:103, CONTEXT_KIND:0, NEIGHBOR_KIND:0, NUM_NODE:403, NUM_DECL:0, NUM_STMT:0, NUM_EXPR:0, TBID:2488, TEID:2622, VARs:{}11, 
6 0 0 0 0 0 0 0 0 0 0 0 0 0 0 0 0 0 0 0 0 0 0 0 0 0 0 0 0 0 0 32 0 0 0 0 33 0 0 0 0 0 0 0 0 0 22 0 0 0 0 0 0 0 1 0 0 0 0 0 32 0 0 0 0 0 0 0 0 0 0 0 0 0 0 0 0 0 0 0 22 0 6 5 0 0 0 17 0 0 1 0 0 0 0 0 0 0 28 0 0 0 0 13 14 0 0 0 28 0 0 0 0 0 24 0 0 0 0 0 0 0 0 0 1 0 0 0 0 0 0 0 0 0 0 0 0 0 0 0 0 0 0 0 0 32 0 0 0 0 0 0 0 22 0 0 0 0 0 0 1 0 0 0 0 2 0 6 0 0 0 0 0 0 0 0 0 0 0 2 0 0 0 0 0 2 0 0 0 0 0 1 0 0 0 0 0 0 0 5 0 0 0 0 0 0 0 0 0 0 0 0 0 0 0 2 0 0 0 0 0 1 0 0 0 0 0 0 0 0 0 0 0 2 0 0 4 0 0 0 0 0 0 0 0 0 0 0 32 0 0 0 0 0 0 2 0 0 0 2 0 
# FILE:src/AbstractTableRendering.java, LINE:548, OFFSET:568, NODE_KIND:103, CONTEXT_KIND:0, NEIGHBOR_KIND:0, NUM_NODE:306, NUM_DECL:0, NUM_STMT:0, NUM_EXPR:0, TBID:2520, TEID:2622, VARs:{}11, 
5 0 0 0 0 0 0 0 0 0 0 0 0 0 0 0 0 0 0 0 0 0 0 0 0 0 0 0 0 0 0 24 0 0 0 0 24 0 0 0 0 0 0 0 0 0 18 0 0 0 0 0 0 0 1 0 0 0 0 0 23 0 0 0 0 0 0 0 0 0 0 0 0 0 0 0 0 0 0 0 18 0 5 4 0 0 0 12 0 0 1 0 0 0 0 0 0 0 21 0 0 0 0 11 11 0 0 0 21 0 0 0 0 0 19 0 0 0 0 0 0 0 0 0 1 0 0 0 0 0 0 0 0 0 0 0 0 0 0 0 0 0 0 0 0 23 0 0 0 0 0 0 0 18 0 0 0 0 0 0 1 0 0 0 0 2 0 5 0 0 0 0 0 0 0 0 0 0 0 2 0 0 0 0 0 1 0 0 0 0 0 1 0 0 0 0 0 0 0 4 0 0 0 0 0 0 0 0 0 0 0 0 0 0 0 0 0 0 0 0 0 1 0 0 0 0 0 0 0 0 0 0 0 1 0 0 2 0 0 0 0 0 0 0 0 0 0 0 24 0 0 0 0 0 0 1 0 0 0 1 0 
# FILE:src/AbstractTableRendering.java, LINE:900, OFFSET:945, NODE_KIND:103, CONTEXT_KIND:0, NEIGHBOR_KIND:0, NUM_NODE:592, NUM_DECL:0, NUM_STMT:0, NUM_EXPR:0, TBID:3928, TEID:4138, VARs:{}26, 
16 0 0 0 0 0 0 0 0 0 0 0 0 0 0 0 0 0 0 0 0 0 0 0 0 0 0 0 0 0 0 71 0 0 0 0 38 0 0 0 0 0 0 0 0 0 32 0 0 0 0 0 0 0 7 0 0 6 0 0 36 0 0 0 0 0 0 0 0 0 0 0 0 0 0 0 0 0 0 0 26 0 3 1 0 0 0 22 0 0 1 0 0 0 0 0 0 0 32 0 0 0 0 20 24 0 0 0 32 0 0 0 0 0 32 0 0 0 0 0 0 0 0 0 7 0 0 0 0 0 0 0 0 0 0 0 0 0 0 0 0 0 0 0 0 32 0 0 0 0 0 0 0 32 0 0 4 0 0 0 13 0 0 0 0 0 0 2 0 0 0 0 0 0 0 1 0 0 0 0 0 0 0 0 0 16 0 0 0 0 0 2 0 0 0 0 2 0 0 1 0 0 0 0 0 0 0 0 0 0 0 0 0 0 0 0 0 0 0 0 0 4 0 0 2 0 0 0 0 0 0 0 0 0 0 0 0 0 0 0 0 0 0 0 0 0 0 2 71 0 0 0 0 0 0 0 0 0 0 0 2 
# FILE:src/AbstractTableRendering.java, LINE:960, OFFSET:987, NODE_KIND:103, CONTEXT_KIND:0, NEIGHBOR_KIND:0, NUM_NODE:364, NUM_DECL:0, NUM_STMT:0, NUM_EXPR:0, TBID:4188, TEID:4307, VARs:{}16, 
4 0 0 0 0 0 0 0 0 0 0 0 0 0 0 0 0 0 0 0 0 0 0 0 0 0 0 0 0 0 0 32 0 0 0 0 25 0 0 0 0 0 0 0 0 0 19 0 0 0 0 0 0 0 3 0 0 4 0 0 25 0 0 0 0 0 0 0 0 0 0 0 0 0 0 0 0 0 0 0 15 0 5 1 0 0 0 17 0 0 5 0 0 0 0 0 0 0 24 0 0 0 0 14 9 0 0 0 24 0 0 0 0 0 21 0 0 0 0 0 0 0 0 0 3 0 0 0 0 0 0 0 0 0 0 1 0 0 0 0 0 0 0 0 0 24 0 0 0 0 0 0 0 19 0 0 0 0 0 0 7 0 0 0 0 0 0 6 0 0 0 0 0 0 0 0 0 0 0 0 1 0 2 0 0 7 2 0 0 0 0 0 0 0 0 0 1 0 0 1 0 0 0 0 0 0 0 0 0 0 0 0 0 0 0 0 0 0 0 0 0 2 0 0 1 0 0 0 0 0 0 0 0 1 0 0 4 0 0 0 2 0 0 0 0 0 0 0 32 0 0 0 1 0 0 0 0 0 0 0 0 
# FILE:src/AbstractTableRendering.java, LINE:999, OFFSET:1026, NODE_KIND:103, CONTEXT_KIND:0, NEIGHBOR_KIND:0, NUM_NODE:384, NUM_DECL:0, NUM_STMT:0, NUM_EXPR:0, TBID:4356, TEID:4482, VARs:{}16, 
4 0 0 0 0 0 0 0 0 0 0 0 0 0 0 0 0 0 0 0 0 0 0 0 0 0 0 0 0 0 0 34 0 0 0 0 27 0 0 0 0 0 0 0 0 0 20 0 0 0 0 0 0 0 3 0 0 4 0 0 27 0 0 0 0 0 0 0 0 0 0 0 0 0 0 0 0 0 0 0 16 0 5 1 0 0 0 18 0 0 5 0 0 0 0 0 0 0 25 0 0 0 0 15 10 0 0 0 25 0 0 0 0 0 22 0 0 0 0 0 0 0 0 0 3 0 0 0 0 0 0 0 0 0 0 1 0 0 0 0 0 0 0 0 0 25 0 0 0 0 0 0 0 20 0 0 0 0 0 0 7 0 0 0 0 0 0 6 0 0 0 0 0 0 0 0 0 0 0 0 1 0 2 0 0 7 2 0 0 0 0 0 0 0 0 0 2 0 0 1 0 0 0 0 0 0 0 0 0 0 0 0 0 0 0 0 0 0 0 0 0 2 0 0 1 0 0 0 0 0 0 1 0 1 0 0 4 0 0 0 2 0 0 0 0 0 0 0 34 0 0 0 1 0 0 0 0 0 0 0 0 
# FILE:src/AbstractTableRendering.java, LINE:1190, OFFSET:1212, NODE_KIND:103, CONTEXT_KIND:0, NEIGHBOR_KIND:0, NUM_NODE:242, NUM_DECL:0, NUM_STMT:0, NUM_EXPR:0, TBID:5192, TEID:5294, VARs:{}14, 
4 0 0 0 0 0 0 0 0 0 0 0 0 0 0 0 0 0 0 0 0 0 0 0 0 0 0 0 0 0 0 22 0 0 0 0 16 0 0 0 0 0 0 0 0 0 11 0 0 0 0 0 0 0 1 0 0 0 0 0 14 0 0 0 0 0 0 0 0 0 0 0 0 0 0 0 0 0 0 0 11 0 7 1 0 0 0 11 0 0 6 0 0 0 0 0 0 0 13 0 0 0 0 17 13 0 0 0 14 0 0 0 0 0 11 0 0 0 0 0 0 0 0 0 1 0 0 0 0 0 0 0 0 0 0 0 0 0 0 0 0 0 0 0 0 14 0 0 0 0 0 0 0 11 0 0 0 0 0 0 1 0 0 0 1 0 0 7 0 0 0 0 0 0 0 0 0 0 0 1 0 0 0 0 0 4 0 0 0 0 0 2 0 0 0 0 0 0 0 1 0 0 0 0 0 0 0 0 0 0 0 0 0 0 0 1 0 0 0 0 0 1 0 0 0 0 0 0 0 0 0 0 0 1 0 0 2 0 0 0 0 0 0 0 0 0 0 0 22 0 0 0 0 0 0 0 0 0 0 0 0 
# FILE:src/AbstractTableRendering.java, LINE:1365, OFFSET:1386, NODE_KIND:103, CONTEXT_KIND:0, NEIGHBOR_KIND:0, NUM_NODE:292, NUM_DECL:0, NUM_STMT:0, NUM_EXPR:0, TBID:5769, TEID:5876, VARs:{}12, 
2 0 2 0 0 0 0 0 0 0 0 0 0 0 0 0 0 2 0 0 0 0 0 0 0 0 0 0 0 0 0 29 0 0 0 0 17 0 0 0 0 0 0 0 0 0 13 0 0 0 2 0 0 0 4 0 0 0 0 0 17 0 0 0 0 0 0 0 0 0 0 0 0 0 0 0 0 0 0 0 13 0 3 0 0 0 0 12 0 0 3 0 0 0 0 0 0 0 17 0 0 0 0 12 6 0 0 0 17 0 0 0 0 0 15 0 0 0 0 0 0 0 0 0 4 0 0 0 0 0 0 0 0 0 0 0 0 0 0 0 0 0 0 0 2 17 0 0 0 0 0 0 0 13 0 0 0 0 0 0 4 0 0 2 0 2 0 3 0 0 0 0 0 0 0 0 0 0 0 2 0 0 0 0 0 8 2 0 0 0 0 0 0 0 0 0 0 0 0 0 0 0 0 0 0 4 0 0 0 0 0 0 0 0 0 0 0 0 0 0 0 2 2 0 0 0 0 0 0 0 0 2 0 0 0 0 2 0 0 0 0 0 0 0 2 0 0 0 29 0 0 0 0 4 0 0 0 0 0 0 0 
# FILE:src/AbstractTableRendering.java, LINE:1367, OFFSET:1386, NODE_KIND:103, CONTEXT_KIND:0, NEIGHBOR_KIND:0, NUM_NODE:278, NUM_DECL:0, NUM_STMT:0, NUM_EXPR:0, TBID:5773, TEID:5876, VARs:{}11, 
2 0 2 0 0 0 0 0 0 0 0 0 0 0 0 0 0 2 0 0 0 0 0 0 0 0 0 0 0 0 0 28 0 0 0 0 16 0 0 0 0 0 0 0 0 0 12 0 0 0 2 0 0 0 4 0 0 0 0 0 16 0 0 0 0 0 0 0 0 0 0 0 0 0 0 0 0 0 0 0 12 0 3 0 0 0 0 12 0 0 2 0 0 0 0 0 0 0 16 0 0 0 0 11 6 0 0 0 16 0 0 0 0 0 14 0 0 0 0 0 0 0 0 0 4 0 0 0 0 0 0 0 0 0 0 0 0 0 0 0 0 0 0 0 2 16 0 0 0 0 0 0 0 12 0 0 0 0 0 0 4 0 0 2 0 2 0 2 0 0 0 0 0 0 0 0 0 0 0 2 0 0 0 0 0 8 2 0 0 0 0 0 0 0 0 0 0 0 0 0 0 0 0 0 0 4 0 0 0 0 0 0 0 0 0 0 0 0 0 0 0 2 2 0 0 0 0 0 0 0 0 2 0 0 0 0 2 0 0 0 0 0 0 0 2 0 0 0 28 0 0 0 0 4 0 0 0 0 0 0 0 
# FILE:src/AbstractTableRendering.java, LINE:1407, OFFSET:1428, NODE_KIND:103, CONTEXT_KIND:0, NEIGHBOR_KIND:0, NUM_NODE:374, NUM_DECL:0, NUM_STMT:0, NUM_EXPR:0, TBID:5975, TEID:6115, VARs:{}18, 
3 0 1 0 0 0 0 0 0 0 0 0 0 0 0 0 0 1 0 0 0 0 0 0 0 0 0 0 0 0 0 45 0 0 0 0 28 0 0 0 0 0 0 0 0 0 16 0 0 0 1 0 0 0 3 0 0 0 0 0 28 0 0 0 0 0 0 0 0 0 0 0 0 0 0 0 0 0 0 0 16 0 5 2 0 0 0 16 0 0 0 0 0 0 0 0 0 0 19 0 0 0 0 9 12 0 0 0 19 0 0 0 0 0 17 0 0 0 0 0 0 0 0 0 3 0 0 0 0 0 0 0 0 0 0 0 0 0 0 0 0 0 0 0 0 24 0 0 0 0 0 0 0 16 0 0 1 0 0 0 3 0 0 1 0 0 0 2 0 0 0 0 0 0 0 0 0 0 0 1 0 0 0 0 0 14 0 0 0 0 0 0 0 0 0 0 3 0 0 2 0 0 0 0 0 1 0 0 0 0 0 0 0 0 0 1 0 0 0 0 0 2 1 0 0 0 0 0 0 0 0 0 0 1 0 0 4 0 0 0 0 0 0 0 1 0 0 1 45 0 0 0 0 1 0 4 0 0 0 0 1 
# FILE:src/AbstractTableRendering.java, LINE:1409, OFFSET:1428, NODE_KIND:103, CONTEXT_KIND:0, NEIGHBOR_KIND:0, NUM_NODE:328, NUM_DECL:0, NUM_STMT:0, NUM_EXPR:0, TBID:5991, TEID:6115, VARs:{}18, 
3 0 0 0 0 0 0 0 0 0 0 0 0 0 0 0 0 0 0 0 0 0 0 0 0 0 0 0 0 0 0 40 0 0 0 0 25 0 0 0 0 0 0 0 0 0 14 0 0 0 1 0 0 0 2 0 0 0 0 0 25 0 0 0 0 0 0 0 0 0 0 0 0 0 0 0 0 0 0 0 14 0 5 2 0 0 0 15 0 0 0 0 0 0 0 0 0 0 16 0 0 0 0 8 12 0 0 0 16 0 0 0 0 0 15 0 0 0 0 0 0 0 0 0 2 0 0 0 0 0 0 0 0 0 0 0 0 0 0 0 0 0 0 0 0 21 0 0 0 0 0 0 0 14 0 0 1 0 0 0 2 0 0 0 0 0 0 2 0 0 0 0 0 0 0 0 0 0 0 0 0 0 0 0 0 13 0 0 0 0 0 0 0 0 0 0 3 0 0 2 0 0 0 0 0 1 0 0 0 0 0 0 0 0 0 1 0 0 0 0 0 1 0 0 0 0 0 0 0 0 0 0 0 1 0 0 3 0 0 0 0 0 0 0 1 0 0 1 40 0 0 0 0 1 0 4 0 0 0 0 1 
# FILE:src/AbstractTableRendering.java, LINE:1413, OFFSET:1428, NODE_KIND:103, CONTEXT_KIND:0, NEIGHBOR_KIND:0, NUM_NODE:259, NUM_DECL:0, NUM_STMT:0, NUM_EXPR:0, TBID:6013, TEID:6114, VARs:{}13, 
3 0 0 0 0 0 0 0 0 0 0 0 0 0 0 0 0 0 0 0 0 0 0 0 0 0 0 0 0 0 0 32 0 0 0 0 20 0 0 0 0 0 0 0 0 0 10 0 0 0 1 0 0 0 1 0 0 0 0 0 20 0 0 0 0 0 0 0 0 0 0 0 0 0 0 0 0 0 0 0 10 0 4 2 0 0 0 12 0 0 0 0 0 0 0 0 0 0 12 0 0 0 0 7 11 0 0 0 12 0 0 0 0 0 11 0 0 0 0 0 0 0 0 0 1 0 0 0 0 0 0 0 0 0 0 0 0 0 0 0 0 0 0 0 0 16 0 0 0 0 0 0 0 10 0 0 1 0 0 0 1 0 0 0 0 0 0 2 0 0 0 0 0 0 0 0 0 0 0 0 0 0 0 0 0 11 0 0 0 0 0 0 0 0 0 0 3 0 0 2 0 0 0 0 0 1 0 0 0 0 0 0 0 0 0 1 0 0 0 0 0 1 0 0 0 0 0 0 0 0 0 0 0 1 0 0 2 0 0 0 0 0 0 0 1 0 0 1 32 0 0 0 0 1 0 3 0 0 0 0 0 
# FILE:src/AbstractTableRendering.java, LINE:1635, OFFSET:1669, NODE_KIND:103, CONTEXT_KIND:0, NEIGHBOR_KIND:0, NUM_NODE:405, NUM_DECL:0, NUM_STMT:0, NUM_EXPR:0, TBID:6799, TEID:6941, VARs:{}24, 
6 0 0 0 0 0 0 0 0 0 0 0 0 0 0 0 0 0 0 0 0 0 0 0 0 0 0 0 0 0 0 41 0 0 0 0 27 0 0 0 0 0 0 0 0 0 19 0 0 0 0 0 0 0 5 0 0 0 0 0 25 0 0 0 0 0 0 0 0 0 0 0 0 0 0 0 0 0 0 0 19 0 6 0 0 0 0 15 0 0 8 0 0 0 0 0 0 0 25 0 0 0 0 20 14 0 0 0 25 0 0 0 0 0 25 0 0 0 0 0 0 0 0 0 5 0 0 0 0 0 0 0 0 0 0 0 0 0 0 0 0 0 0 0 0 25 0 0 0 0 0 0 0 19 0 0 0 0 0 0 5 0 0 0 0 0 0 8 0 0 0 0 0 0 0 0 0 0 0 0 0 0 0 0 0 7 6 0 0 0 0 2 0 0 0 0 0 0 0 0 0 0 0 0 0 0 0 0 0 0 0 0 0 0 0 0 0 0 0 0 0 0 0 0 1 0 0 0 0 0 0 0 0 0 0 0 0 0 0 0 0 0 0 0 6 0 0 0 41 0 0 0 0 0 0 0 0 0 0 0 0 
# FILE:src/AbstractTableRendering.java, LINE:1637, OFFSET:1669, NODE_KIND:103, CONTEXT_KIND:0, NEIGHBOR_KIND:0, NUM_NODE:387, NUM_DECL:0, NUM_STMT:0, NUM_EXPR:0, TBID:6806, TEID:6941, VARs:{}23, 
6 0 0 0 0 0 0 0 0 0 0 0 0 0 0 0 0 0 0 0 0 0 0 0 0 0 0 0 0 0 0 40 0 0 0 0 25 0 0 0 0 0 0 0 0 0 18 0 0 0 0 0 0 0 5 0 0 0 0 0 24 0 0 0 0 0 0 0 0 0 0 0 0 0 0 0 0 0 0 0 18 0 6 0 0 0 0 14 0 0 7 0 0 0 0 0 0 0 24 0 0 0 0 19 13 0 0 0 24 0 0 0 0 0 24 0 0 0 0 0 0 0 0 0 5 0 0 0 0 0 0 0 0 0 0 0 0 0 0 0 0 0 0 0 0 24 0 0 0 0 0 0 0 18 0 0 0 0 0 0 5 0 0 0 0 0 0 7 0 0 0 0 0 0 0 0 0 0 0 0 0 0 0 0 0 7 6 0 0 0 0 1 0 0 0 0 0 0 0 0 0 0 0 0 0 0 0 0 0 0 0 0 0 0 0 0 0 0 0 0 0 0 0 0 1 0 0 0 0 0 0 0 0 0 0 0 0 0 0 0 0 0 0 0 6 0 0 0 40 0 0 0 0 0 0 0 0 0 0 0 0 
# FILE:src/AbstractTableRendering.java, LINE:1938, OFFSET:1963, NODE_KIND:103, CONTEXT_KIND:0, NEIGHBOR_KIND:0, NUM_NODE:380, NUM_DECL:0, NUM_STMT:0, NUM_EXPR:0, TBID:7830, TEID:7969, VARs:{}17, 
6 0 0 0 0 0 0 0 0 0 0 0 0 0 0 0 0 0 0 0 0 0 0 0 0 0 0 0 0 0 0 35 0 0 0 0 24 0 0 0 0 0 0 0 0 0 20 0 0 0 0 0 0 0 1 0 0 6 0 0 24 0 0 0 0 0 0 0 0 0 0 0 0 0 0 0 0 0 0 0 14 0 6 1 0 0 0 23 0 0 3 0 0 0 0 0 0 0 23 0 0 0 0 14 14 0 0 0 24 0 0 0 0 0 23 0 0 0 0 0 0 0 0 0 1 0 0 0 0 0 0 0 0 0 0 3 0 0 0 0 0 0 0 0 0 24 0 0 0 0 0 0 0 20 0 0 3 0 0 0 5 0 0 0 1 0 0 4 0 0 0 0 1 0 0 0 0 0 0 0 0 0 1 0 0 10 2 0 0 0 0 0 0 0 0 0 0 2 0 1 0 0 0 0 0 0 0 0 0 0 0 0 0 0 0 0 0 0 0 0 0 0 0 0 0 0 0 0 0 0 0 0 1 0 0 0 1 1 0 0 0 0 0 0 1 0 0 0 35 0 0 0 0 0 0 1 0 0 0 1 0 
# FILE:src/AbstractTableRendering.java, LINE:1993, OFFSET:2014, NODE_KIND:103, CONTEXT_KIND:0, NEIGHBOR_KIND:0, NUM_NODE:341, NUM_DECL:0, NUM_STMT:0, NUM_EXPR:0, TBID:8097, TEID:8220, VARs:{}11, 
5 0 3 0 0 0 0 0 0 0 0 0 0 0 0 0 0 1 0 0 0 0 0 0 0 0 0 0 0 0 0 38 0 0 0 0 25 0 0 0 0 0 0 0 0 0 14 0 0 0 4 0 0 0 1 0 0 0 0 0 25 0 0 0 0 0 0 0 0 0 0 0 0 0 0 0 0 0 0 0 14 0 5 2 0 0 0 15 0 0 0 0 0 0 0 0 0 0 17 0 0 0 0 11 9 0 0 0 17 0 0 0 0 0 15 0 0 0 0 0 0 0 0 0 1 0 0 0 0 0 0 0 0 0 0 0 0 0 0 0 0 0 0 0 0 22 0 0 0 0 0 0 0 14 0 0 1 0 0 0 1 0 0 1 0 0 0 2 0 0 0 0 0 0 0 0 0 0 0 1 0 0 0 0 0 11 0 0 0 0 0 0 0 0 0 0 3 0 0 2 0 0 0 0 0 4 0 0 0 0 0 0 0 0 0 1 0 0 0 0 0 1 3 0 0 0 0 0 0 0 0 0 0 2 0 0 4 0 0 0 0 0 0 0 1 0 0 0 38 0 0 0 0 4 0 3 0 0 0 0 0 
# FILE:src/AbstractTableRendering.java, LINE:1997, OFFSET:2014, NODE_KIND:103, CONTEXT_KIND:0, NEIGHBOR_KIND:0, NUM_NODE:289, NUM_DECL:0, NUM_STMT:0, NUM_EXPR:0, TBID:8115, TEID:8220, VARs:{}11, 
5 0 2 0 0 0 0 0 0 0 0 0 0 0 0 0 0 0 0 0 0 0 0 0 0 0 0 0 0 0 0 33 0 0 0 0 21 0 0 0 0 0 0 0 0 0 12 0 0 0 4 0 0 0 0 0 0 0 0 0 21 0 0 0 0 0 0 0 0 0 0 0 0 0 0 0 0 0 0 0 12 0 5 2 0 0 0 13 0 0 0 0 0 0 0 0 0 0 14 0 0 0 0 10 9 0 0 0 14 0 0 0 0 0 13 0 0 0 0 0 0 0 0 0 0 0 0 0 0 0 0 0 0 0 0 0 0 0 0 0 0 0 0 0 0 18 0 0 0 0 0 0 0 12 0 0 1 0 0 0 0 0 0 0 0 0 0 2 0 0 0 0 0 0 0 0 0 0 0 0 0 0 0 0 0 10 0 0 0 0 0 0 0 0 0 0 3 0 0 2 0 0 0 0 0 4 0 0 0 0 0 0 0 0 0 1 0 0 0 0 0 0 2 0 0 0 0 0 0 0 0 0 0 1 0 0 2 0 0 0 0 0 0 0 1 0 0 0 33 0 0 0 0 4 0 3 0 0 0 0 0 
# FILE:src/AbstractTableRendering.java, LINE:1997, OFFSET:2014, NODE_KIND:103, CONTEXT_KIND:0, NEIGHBOR_KIND:0, NUM_NODE:287, NUM_DECL:0, NUM_STMT:0, NUM_EXPR:0, TBID:8116, TEID:8219, VARs:{}11, 
5 0 2 0 0 0 0 0 0 0 0 0 0 0 0 0 0 0 0 0 0 0 0 0 0 0 0 0 0 0 0 33 0 0 0 0 21 0 0 0 0 0 0 0 0 0 12 0 0 0 4 0 0 0 0 0 0 0 0 0 21 0 0 0 0 0 0 0 0 0 0 0 0 0 0 0 0 0 0 0 12 0 4 2 0 0 0 13 0 0 0 0 0 0 0 0 0 0 14 0 0 0 0 9 9 0 0 0 14 0 0 0 0 0 13 0 0 0 0 0 0 0 0 0 0 0 0 0 0 0 0 0 0 0 0 0 0 0 0 0 0 0 0 0 0 18 0 0 0 0 0 0 0 12 0 0 1 0 0 0 0 0 0 0 0 0 0 2 0 0 0 0 0 0 0 0 0 0 0 0 0 0 0 0 0 10 0 0 0 0 0 0 0 0 0 0 3 0 0 2 0 0 0 0 0 4 0 0 0 0 0 0 0 0 0 1 0 0 0 0 0 0 2 0 0 0 0 0 0 0 0 0 0 1 0 0 2 0 0 0 0 0 0 0 1 0 0 0 33 0 0 0 0 4 0 3 0 0 0 0 0 
# FILE:src/AbstractTableRendering.java, LINE:2030, OFFSET:2078, NODE_KIND:103, CONTEXT_KIND:0, NEIGHBOR_KIND:0, NUM_NODE:542, NUM_DECL:0, NUM_STMT:0, NUM_EXPR:0, TBID:8238, TEID:8440, VARs:{}32, 
17 0 0 0 0 0 0 0 0 0 0 0 0 0 0 0 0 0 0 0 0 0 0 0 0 0 0 0 0 0 0 55 0 0 0 0 33 0 0 0 0 0 0 0 0 0 30 0 0 0 0 0 0 0 1 0 0 5 0 0 32 0 0 0 0 0 0 0 0 0 0 0 0 0 0 0 0 0 0 0 25 0 8 3 0 0 0 22 0 0 2 0 0 0 0 0 0 0 32 0 0 0 0 28 24 0 0 0 33 0 0 0 0 0 32 0 0 0 0 0 0 0 0 0 1 0 0 0 0 0 0 0 0 0 0 1 0 0 0 0 0 0 0 0 0 32 0 0 0 0 0 0 0 30 0 0 0 0 0 0 6 0 0 0 1 4 0 5 0 0 0 0 1 0 0 0 0 0 0 0 0 0 1 0 0 10 2 0 0 0 0 1 0 0 0 0 0 0 0 3 0 0 0 0 0 0 0 0 0 0 0 0 0 0 0 0 0 0 0 0 0 0 0 0 0 0 0 0 0 0 0 2 0 0 0 0 2 1 0 0 0 0 0 0 1 0 0 0 55 0 0 0 0 0 0 0 0 0 0 0 1 
# FILE:src/AbstractTableRendering.java, LINE:2032, OFFSET:2072, NODE_KIND:103, CONTEXT_KIND:0, NEIGHBOR_KIND:0, NUM_NODE:456, NUM_DECL:0, NUM_STMT:0, NUM_EXPR:0, TBID:8245, TEID:8416, VARs:{}29, 
15 0 0 0 0 0 0 0 0 0 0 0 0 0 0 0 0 0 0 0 0 0 0 0 0 0 0 0 0 0 0 46 0 0 0 0 28 0 0 0 0 0 0 0 0 0 25 0 0 0 0 0 0 0 1 0 0 4 0 0 27 0 0 0 0 0 0 0 0 0 0 0 0 0 0 0 0 0 0 0 21 0 6 2 0 0 0 19 0 0 2 0 0 0 0 0 0 0 27 0 0 0 0 24 21 0 0 0 27 0 0 0 0 0 27 0 0 0 0 0 0 0 0 0 1 0 0 0 0 0 0 0 0 0 0 1 0 0 0 0 0 0 0 0 0 27 0 0 0 0 0 0 0 25 0 0 0 0 0 0 5 0 0 0 0 3 0 4 0 0 0 0 1 0 0 0 0 0 0 0 0 0 1 0 0 8 2 0 0 0 0 1 0 0 0 0 0 0 0 2 0 0 0 0 0 0 0 0 0 0 0 0 0 0 0 0 0 0 0 0 0 0 0 0 0 0 0 0 0 0 0 2 0 0 0 0 2 1 0 0 0 0 0 0 1 0 0 0 46 0 0 0 0 0 0 0 0 0 0 0 1 
# FILE:src/AbstractTableRendering.java, LINE:2042, OFFSET:2068, NODE_KIND:103, CONTEXT_KIND:0, NEIGHBOR_KIND:0, NUM_NODE:266, NUM_DECL:0, NUM_STMT:0, NUM_EXPR:0, TBID:8298, TEID:8401, VARs:{}18, 
11 0 0 0 0 0 0 0 0 0 0 0 0 0 0 0 0 0 0 0 0 0 0 0 0 0 0 0 0 0 0 27 0 0 0 0 16 0 0 0 0 0 0 0 0 0 14 0 0 0 0 0 0 0 0 0 0 3 0 0 15 0 0 0 0 0 0 0 0 0 0 0 0 0 0 0 0 0 0 0 11 0 3 2 0 0 0 12 0 0 1 0 0 0 0 0 0 0 15 0 0 0 0 15 16 0 0 0 15 0 0 0 0 0 15 0 0 0 0 0 0 0 0 0 0 0 0 0 0 0 0 0 0 0 0 0 0 0 0 0 0 0 0 0 0 15 0 0 0 0 0 0 0 14 0 0 0 0 0 0 3 0 0 0 0 2 0 3 0 0 0 0 0 0 0 0 0 0 0 0 0 0 1 0 0 5 0 0 0 0 0 1 0 0 0 0 0 0 0 2 0 0 0 0 0 0 0 0 0 0 0 0 0 0 0 0 0 0 0 0 0 0 0 0 0 0 0 0 0 0 0 0 0 0 0 0 2 0 0 0 0 0 0 0 0 0 0 0 27 0 0 0 0 0 0 0 0 0 0 0 0 
# FILE:src/AbstractTableRendering.java, LINE:2087, OFFSET:2129, NODE_KIND:103, CONTEXT_KIND:0, NEIGHBOR_KIND:0, NUM_NODE:597, NUM_DECL:0, NUM_STMT:0, NUM_EXPR:0, TBID:8462, TEID:8659, VARs:{}27, 
9 0 0 0 0 0 0 0 0 0 0 0 0 0 0 0 0 0 0 0 0 0 0 0 0 0 0 0 0 0 0 57 0 0 0 0 40 0 0 0 0 0 0 0 0 0 38 0 0 0 0 0 0 0 3 0 0 3 0 0 39 0 0 0 0 0 0 0 0 0 0 0 0 0 0 0 0 0 0 0 35 0 8 3 0 0 0 23 0 0 3 0 0 0 0 0 1 0 39 0 0 0 0 19 20 0 0 0 40 0 0 0 0 0 39 0 0 0 0 0 0 0 0 0 3 0 0 0 0 0 0 0 0 0 0 1 0 0 0 0 0 0 0 0 0 39 0 0 0 0 0 0 0 38 0 0 0 0 0 0 5 0 0 0 1 2 0 6 0 0 0 0 0 0 0 0 0 0 0 0 0 0 1 0 0 10 2 0 0 0 0 1 0 0 0 0 0 0 0 3 0 0 0 0 0 0 0 0 0 0 0 0 0 0 0 0 0 0 0 0 0 1 0 0 2 0 0 0 0 0 0 0 0 1 0 0 1 1 0 0 0 0 0 1 0 0 0 0 57 0 0 0 0 0 0 0 0 0 0 0 2 
# FILE:src/AbstractTableRendering.java, LINE:2168, OFFSET:2181, NODE_KIND:103, CONTEXT_KIND:0, NEIGHBOR_KIND:0, NUM_NODE:340, NUM_DECL:0, NUM_STMT:0, NUM_EXPR:0, TBID:8822, TEID:8927, VARs:{}16, 
0 0 1 0 0 0 0 0 0 0 0 0 0 0 0 0 0 1 0 0 0 0 0 0 0 0 0 0 0 0 0 34 0 0 0 0 23 0 0 0 0 0 0 0 0 0 18 0 0 0 2 0 0 0 5 0 0 0 0 0 23 0 0 0 0 0 0 0 0 0 0 0 0 0 0 0 0 0 0 0 18 0 3 0 0 0 0 15 0 0 2 0 0 0 0 0 0 0 23 0 0 0 0 7 7 0 0 0 23 0 0 0 0 0 20 0 0 0 0 0 0 0 0 0 5 0 0 0 0 0 0 0 0 0 0 1 0 0 0 0 0 0 0 0 0 23 0 0 0 0 0 0 0 18 0 0 0 0 0 0 5 0 0 1 0 0 0 2 0 0 0 0 0 0 0 0 0 0 0 1 1 0 1 0 0 7 1 0 0 0 0 0 0 0 0 0 0 0 0 0 0 0 0 0 0 2 0 0 0 0 0 0 0 0 0 0 0 0 0 0 0 2 1 0 0 0 0 0 0 0 0 1 0 0 0 0 4 0 0 0 1 0 0 0 0 0 0 0 34 0 0 0 0 2 0 0 0 0 0 1 1 
# FILE:src/AbstractTableRendering.java, LINE:2222, OFFSET:2274, NODE_KIND:103, CONTEXT_KIND:0, NEIGHBOR_KIND:0, NUM_NODE:575, NUM_DECL:0, NUM_STMT:0, NUM_EXPR:0, TBID:9030, TEID:9261, VARs:{}42, 
17 0 1 0 0 0 0 0 0 0 0 0 0 0 0 0 0 1 0 0 0 0 0 0 0 0 0 0 0 0 0 65 0 0 0 0 33 0 0 0 0 0 0 0 0 0 25 0 0 0 1 0 0 0 3 0 0 4 0 0 31 0 0 0 0 0 0 0 0 0 0 0 0 0 0 0 0 0 0 0 21 0 5 0 0 0 0 26 0 0 6 0 0 0 0 0 0 0 31 0 0 0 0 29 25 0 0 0 31 0 0 0 0 0 30 0 0 0 0 0 0 0 0 0 3 0 0 0 0 0 0 0 0 0 0 1 0 0 0 0 0 0 0 0 0 31 0 0 0 0 0 0 0 25 0 0 0 0 0 0 7 0 0 1 0 1 0 6 0 0 0 0 1 0 0 0 0 1 0 1 0 0 4 0 0 23 7 0 0 0 0 2 0 0 0 0 0 0 0 0 0 0 0 0 0 1 0 0 0 0 0 0 0 0 0 0 0 0 0 0 0 1 1 0 3 0 0 0 0 0 0 1 0 0 0 0 1 1 0 0 0 0 0 0 0 0 0 0 65 0 0 0 0 1 0 0 0 0 0 1 0 
# FILE:src/AbstractTableRendering.java, LINE:2318, OFFSET:2390, NODE_KIND:103, CONTEXT_KIND:0, NEIGHBOR_KIND:0, NUM_NODE:802, NUM_DECL:0, NUM_STMT:0, NUM_EXPR:0, TBID:9377, TEID:9656, VARs:{}44, 
13 0 0 0 0 0 0 0 0 0 0 0 0 0 0 0 0 0 0 0 0 0 0 0 0 0 0 0 0 0 0 90 0 0 0 0 54 0 0 0 0 0 0 0 0 0 46 0 0 0 0 0 0 0 7 0 0 1 0 0 49 0 0 0 0 0 0 0 0 0 0 0 0 0 0 0 0 0 0 0 45 0 9 1 0 0 0 26 0 0 5 0 0 0 0 0 1 0 49 0 0 0 0 29 27 0 0 0 50 0 0 0 0 0 47 0 0 0 0 0 0 0 0 0 7 0 0 0 0 0 0 0 0 0 0 0 0 0 0 0 0 0 0 0 0 49 0 0 0 0 0 0 0 46 0 0 0 0 0 3 8 0 0 0 1 2 0 6 0 0 0 0 1 0 0 0 0 0 0 1 0 0 0 0 0 19 2 0 0 0 0 5 0 0 0 0 0 0 0 1 0 0 0 0 0 0 0 0 0 0 0 0 0 0 0 0 0 1 0 0 0 1 0 0 0 0 0 0 0 0 0 1 0 0 0 0 2 1 0 0 1 0 0 1 0 0 0 0 90 0 0 0 0 0 0 0 0 0 0 0 4 
# FILE:src/AbstractTableRendering.java, LINE:2324, OFFSET:2380, NODE_KIND:103, CONTEXT_KIND:0, NEIGHBOR_KIND:0, NUM_NODE:705, NUM_DECL:0, NUM_STMT:0, NUM_EXPR:0, TBID:9391, TEID:9628, VARs:{}38, 
11 0 0 0 0 0 0 0 0 0 0 0 0 0 0 0 0 0 0 0 0 0 0 0 0 0 0 0 0 0 0 79 0 0 0 0 48 0 0 0 0 0 0 0 0 0 41 0 0 0 0 0 0 0 7 0 0 1 0 0 44 0 0 0 0 0 0 0 0 0 0 0 0 0 0 0 0 0 0 0 40 0 6 1 0 0 0 24 0 0 4 0 0 0 0 0 0 0 44 0 0 0 0 23 24 0 0 0 45 0 0 0 0 0 42 0 0 0 0 0 0 0 0 0 7 0 0 0 0 0 0 0 0 0 0 0 0 0 0 0 0 0 0 0 0 44 0 0 0 0 0 0 0 41 0 0 0 0 0 2 8 0 0 0 1 1 0 5 0 0 0 0 0 0 0 0 0 0 0 1 0 0 0 0 0 16 2 0 0 0 0 4 0 0 0 0 0 0 0 1 0 0 0 0 0 0 0 0 0 0 0 0 0 0 0 0 0 1 0 0 0 1 0 0 0 0 0 0 0 0 0 0 0 0 0 0 2 0 0 0 1 0 0 0 0 0 0 0 79 0 0 0 0 0 0 0 0 0 0 0 4 
# FILE:src/AbstractTableRendering.java, LINE:2341, OFFSET:2380, NODE_KIND:103, CONTEXT_KIND:0, NEIGHBOR_KIND:0, NUM_NODE:531, NUM_DECL:0, NUM_STMT:0, NUM_EXPR:0, TBID:9454, TEID:9628, VARs:{}29, 
7 0 0 0 0 0 0 0 0 0 0 0 0 0 0 0 0 0 0 0 0 0 0 0 0 0 0 0 0 0 0 60 0 0 0 0 36 0 0 0 0 0 0 0 0 0 31 0 0 0 0 0 0 0 6 0 0 1 0 0 34 0 0 0 0 0 0 0 0 0 0 0 0 0 0 0 0 0 0 0 30 0 4 0 0 0 0 18 0 0 3 0 0 0 0 0 0 0 34 0 0 0 0 16 14 0 0 0 35 0 0 0 0 0 32 0 0 0 0 0 0 0 0 0 6 0 0 0 0 0 0 0 0 0 0 0 0 0 0 0 0 0 0 0 0 34 0 0 0 0 0 0 0 31 0 0 0 0 0 2 7 0 0 0 1 1 0 3 0 0 0 0 0 0 0 0 0 0 0 1 0 0 0 0 0 12 2 0 0 0 0 2 0 0 0 0 0 0 0 0 0 0 0 0 0 0 0 0 0 0 0 0 0 0 0 0 0 1 0 0 0 0 0 0 0 0 0 0 0 0 0 0 0 0 0 0 2 0 0 0 1 0 0 0 0 0 0 0 60 0 0 0 0 0 0 0 0 0 0 0 4 
# FILE:src/AbstractTableRendering.java, LINE:2457, OFFSET:2515, NODE_KIND:103, CONTEXT_KIND:0, NEIGHBOR_KIND:0, NUM_NODE:591, NUM_DECL:0, NUM_STMT:0, NUM_EXPR:0, TBID:9903, TEID:10112, VARs:{}32, 
9 0 0 0 0 0 0 0 0 0 0 0 0 0 0 0 0 0 0 0 0 0 0 0 0 0 0 0 0 0 0 52 0 0 0 0 42 0 0 0 0 0 0 0 0 0 34 0 0 0 0 0 0 0 4 0 0 1 0 0 38 0 0 0 0 0 0 0 0 0 0 0 0 0 0 0 0 0 0 0 33 0 11 4 0 0 0 22 0 0 7 0 0 0 0 0 1 0 36 0 0 0 0 28 21 0 0 0 37 0 0 0 0 0 34 0 0 0 0 0 0 0 0 0 4 0 0 0 0 0 0 0 0 0 0 0 0 0 0 0 0 0 0 0 0 38 0 0 0 0 0 0 0 34 0 0 0 0 0 0 5 0 0 0 1 5 0 11 0 0 0 0 0 0 0 0 0 0 0 2 0 0 0 0 0 7 0 0 0 0 0 4 0 0 0 0 0 0 0 4 0 0 0 0 0 0 0 0 0 0 0 0 0 0 0 0 0 0 0 0 0 2 0 0 0 0 0 0 0 0 0 2 0 1 0 0 2 1 0 0 0 0 0 1 0 0 0 0 52 0 0 0 0 0 0 1 0 0 0 0 0 
# FILE:src/AbstractTableRendering.java, LINE:2473, OFFSET:2510, NODE_KIND:103, CONTEXT_KIND:0, NEIGHBOR_KIND:0, NUM_NODE:441, NUM_DECL:0, NUM_STMT:0, NUM_EXPR:0, TBID:9950, TEID:10101, VARs:{}22, 
6 0 0 0 0 0 0 0 0 0 0 0 0 0 0 0 0 0 0 0 0 0 0 0 0 0 0 0 0 0 0 36 0 0 0 0 32 0 0 0 0 0 0 0 0 0 26 0 0 0 0 0 0 0 3 0 0 0 0 0 30 0 0 0 0 0 0 0 0 0 0 0 0 0 0 0 0 0 0 0 26 0 8 4 0 0 0 19 0 0 4 0 0 0 0 0 0 0 28 0 0 0 0 18 16 0 0 0 29 0 0 0 0 0 26 0 0 0 0 0 0 0 0 0 3 0 0 0 0 0 0 0 0 0 0 0 0 0 0 0 0 0 0 0 0 30 0 0 0 0 0 0 0 26 0 0 0 0 0 0 3 0 0 0 1 5 0 8 0 0 0 0 0 0 0 0 0 0 0 2 0 0 0 0 0 4 0 0 0 0 0 2 0 0 0 0 0 0 0 4 0 0 0 0 0 0 0 0 0 0 0 0 0 0 0 0 0 0 0 0 0 2 0 0 0 0 0 0 0 0 0 0 0 1 0 0 2 0 0 0 0 0 0 0 0 0 0 0 36 0 0 0 0 0 0 1 0 0 0 0 0 
# FILE:src/AbstractTableRendering.java, LINE:2476, OFFSET:2510, NODE_KIND:103, CONTEXT_KIND:0, NEIGHBOR_KIND:0, NUM_NODE:421, NUM_DECL:0, NUM_STMT:0, NUM_EXPR:0, TBID:9958, TEID:10101, VARs:{}20, 
6 0 0 0 0 0 0 0 0 0 0 0 0 0 0 0 0 0 0 0 0 0 0 0 0 0 0 0 0 0 0 34 0 0 0 0 31 0 0 0 0 0 0 0 0 0 25 0 0 0 0 0 0 0 3 0 0 0 0 0 29 0 0 0 0 0 0 0 0 0 0 0 0 0 0 0 0 0 0 0 25 0 8 4 0 0 0 18 0 0 3 0 0 0 0 0 0 0 27 0 0 0 0 17 15 0 0 0 27 0 0 0 0 0 25 0 0 0 0 0 0 0 0 0 3 0 0 0 0 0 0 0 0 0 0 0 0 0 0 0 0 0 0 0 0 29 0 0 0 0 0 0 0 25 0 0 0 0 0 0 3 0 0 0 0 5 0 7 0 0 0 0 0 0 0 0 0 0 0 2 0 0 0 0 0 4 0 0 0 0 0 2 0 0 0 0 0 0 0 4 0 0 0 0 0 0 0 0 0 0 0 0 0 0 0 0 0 0 0 0 0 2 0 0 0 0 0 0 0 0 0 0 0 1 0 0 2 0 0 0 0 0 0 0 0 0 0 0 34 0 0 0 0 0 0 1 0 0 0 0 0 
# FILE:src/AbstractTableRendering.java, LINE:2476, OFFSET:2503, NODE_KIND:103, CONTEXT_KIND:0, NEIGHBOR_KIND:0, NUM_NODE:354, NUM_DECL:0, NUM_STMT:0, NUM_EXPR:0, TBID:9959, TEID:10078, VARs:{}16, 
4 0 0 0 0 0 0 0 0 0 0 0 0 0 0 0 0 0 0 0 0 0 0 0 0 0 0 0 0 0 0 28 0 0 0 0 27 0 0 0 0 0 0 0 0 0 21 0 0 0 0 0 0 0 3 0 0 0 0 0 25 0 0 0 0 0 0 0 0 0 0 0 0 0 0 0 0 0 0 0 21 0 7 3 0 0 0 15 0 0 3 0 0 0 0 0 0 0 23 0 0 0 0 14 12 0 0 0 23 0 0 0 0 0 21 0 0 0 0 0 0 0 0 0 3 0 0 0 0 0 0 0 0 0 0 0 0 0 0 0 0 0 0 0 0 25 0 0 0 0 0 0 0 21 0 0 0 0 0 0 3 0 0 0 0 3 0 6 0 0 0 0 0 0 0 0 0 0 0 2 0 0 0 0 0 2 0 0 0 0 0 2 0 0 0 0 0 0 0 3 0 0 0 0 0 0 0 0 0 0 0 0 0 0 0 0 0 0 0 0 0 2 0 0 0 0 0 0 0 0 0 0 0 1 0 0 2 0 0 0 0 0 0 0 0 0 0 0 28 0 0 0 0 0 0 1 0 0 0 0 0 
# FILE:src/AbstractTableRendering.java, LINE:2478, OFFSET:2503, NODE_KIND:103, CONTEXT_KIND:0, NEIGHBOR_KIND:0, NUM_NODE:338, NUM_DECL:0, NUM_STMT:0, NUM_EXPR:0, TBID:9965, TEID:10078, VARs:{}15, 
4 0 0 0 0 0 0 0 0 0 0 0 0 0 0 0 0 0 0 0 0 0 0 0 0 0 0 0 0 0 0 27 0 0 0 0 26 0 0 0 0 0 0 0 0 0 20 0 0 0 0 0 0 0 3 0 0 0 0 0 24 0 0 0 0 0 0 0 0 0 0 0 0 0 0 0 0 0 0 0 20 0 7 3 0 0 0 14 0 0 2 0 0 0 0 0 0 0 22 0 0 0 0 13 11 0 0 0 22 0 0 0 0 0 20 0 0 0 0 0 0 0 0 0 3 0 0 0 0 0 0 0 0 0 0 0 0 0 0 0 0 0 0 0 0 24 0 0 0 0 0 0 0 20 0 0 0 0 0 0 3 0 0 0 0 3 0 5 0 0 0 0 0 0 0 0 0 0 0 2 0 0 0 0 0 2 0 0 0 0 0 2 0 0 0 0 0 0 0 3 0 0 0 0 0 0 0 0 0 0 0 0 0 0 0 0 0 0 0 0 0 2 0 0 0 0 0 0 0 0 0 0 0 1 0 0 2 0 0 0 0 0 0 0 0 0 0 0 27 0 0 0 0 0 0 1 0 0 0 0 0 
# FILE:src/AbstractTableRendering.java, LINE:2478, OFFSET:2503, NODE_KIND:103, CONTEXT_KIND:0, NEIGHBOR_KIND:0, NUM_NODE:336, NUM_DECL:0, NUM_STMT:0, NUM_EXPR:0, TBID:9966, TEID:10077, VARs:{}15, 
4 0 0 0 0 0 0 0 0 0 0 0 0 0 0 0 0 0 0 0 0 0 0 0 0 0 0 0 0 0 0 27 0 0 0 0 26 0 0 0 0 0 0 0 0 0 20 0 0 0 0 0 0 0 3 0 0 0 0 0 24 0 0 0 0 0 0 0 0 0 0 0 0 0 0 0 0 0 0 0 20 0 6 3 0 0 0 14 0 0 2 0 0 0 0 0 0 0 22 0 0 0 0 12 11 0 0 0 22 0 0 0 0 0 20 0 0 0 0 0 0 0 0 0 3 0 0 0 0 0 0 0 0 0 0 0 0 0 0 0 0 0 0 0 0 24 0 0 0 0 0 0 0 20 0 0 0 0 0 0 3 0 0 0 0 3 0 5 0 0 0 0 0 0 0 0 0 0 0 2 0 0 0 0 0 2 0 0 0 0 0 2 0 0 0 0 0 0 0 3 0 0 0 0 0 0 0 0 0 0 0 0 0 0 0 0 0 0 0 0 0 2 0 0 0 0 0 0 0 0 0 0 0 1 0 0 2 0 0 0 0 0 0 0 0 0 0 0 27 0 0 0 0 0 0 1 0 0 0 0 0 
# FILE:src/AbstractTableRendering.java, LINE:2550, OFFSET:2597, NODE_KIND:103, CONTEXT_KIND:0, NEIGHBOR_KIND:0, NUM_NODE:955, NUM_DECL:0, NUM_STMT:0, NUM_EXPR:0, TBID:10256, TEID:10554, VARs:{}36, 
1 0 0 0 0 0 0 0 0 0 0 0 0 0 0 0 0 0 0 0 0 0 0 0 0 0 0 0 0 0 0 95 0 0 0 0 66 0 0 0 0 0 0 0 0 0 52 0 0 0 0 0 0 0 14 0 0 1 0 0 64 0 0 0 0 0 0 0 0 0 0 0 0 0 0 0 0 0 0 0 51 0 4 0 0 0 0 52 0 0 7 0 0 0 0 0 0 0 62 0 0 0 0 17 30 0 0 0 63 0 0 0 0 0 60 0 0 0 0 0 0 0 0 0 14 0 0 0 0 0 0 0 0 0 0 2 0 0 0 0 0 0 0 0 0 63 0 0 0 0 0 0 0 52 0 0 0 0 0 0 15 0 0 0 1 5 0 7 0 0 0 0 0 0 0 0 0 0 0 0 2 0 1 0 0 24 4 0 0 0 0 2 0 0 0 0 1 0 0 0 0 0 0 0 0 0 0 0 0 0 0 0 0 0 0 0 0 2 0 0 0 1 0 0 0 0 0 0 0 0 0 5 2 1 0 0 10 0 0 0 0 0 0 0 4 0 0 0 95 0 0 0 0 0 0 0 0 0 0 1 2 
# FILE:src/AbstractTableRendering.java, LINE:2552, OFFSET:2597, NODE_KIND:103, CONTEXT_KIND:0, NEIGHBOR_KIND:0, NUM_NODE:935, NUM_DECL:0, NUM_STMT:0, NUM_EXPR:0, TBID:10264, TEID:10554, VARs:{}34, 
1 0 0 0 0 0 0 0 0 0 0 0 0 0 0 0 0 0 0 0 0 0 0 0 0 0 0 0 0 0 0 93 0 0 0 0 65 0 0 0 0 0 0 0 0 0 51 0 0 0 0 0 0 0 14 0 0 1 0 0 63 0 0 0 0 0 0 0 0 0 0 0 0 0 0 0 0 0 0 0 50 0 4 0 0 0 0 51 0 0 6 0 0 0 0 0 0 0 61 0 0 0 0 16 29 0 0 0 61 0 0 0 0 0 59 0 0 0 0 0 0 0 0 0 14 0 0 0 0 0 0 0 0 0 0 2 0 0 0 0 0 0 0 0 0 62 0 0 0 0 0 0 0 51 0 0 0 0 0 0 15 0 0 0 0 5 0 6 0 0 0 0 0 0 0 0 0 0 0 0 2 0 1 0 0 24 4 0 0 0 0 2 0 0 0 0 1 0 0 0 0 0 0 0 0 0 0 0 0 0 0 0 0 0 0 0 0 2 0 0 0 1 0 0 0 0 0 0 0 0 0 5 2 1 0 0 10 0 0 0 0 0 0 0 4 0 0 0 93 0 0 0 0 0 0 0 0 0 0 1 2 
# FILE:src/AbstractTableRendering.java, LINE:2742, OFFSET:2780, NODE_KIND:103, CONTEXT_KIND:0, NEIGHBOR_KIND:0, NUM_NODE:392, NUM_DECL:0, NUM_STMT:0, NUM_EXPR:0, TBID:11106, TEID:11236, VARs:{}28, 
11 0 0 0 0 0 0 0 0 0 0 0 0 0 0 0 0 0 0 0 0 0 0 0 0 0 0 0 0 0 0 45 0 0 0 0 25 0 0 0 0 0 0 0 0 0 20 0 0 0 0 0 0 0 2 0 0 4 0 0 25 0 0 0 0 0 0 0 0 0 0 0 0 0 0 0 0 0 0 0 16 0 4 1 0 0 0 9 0 0 2 0 0 0 0 0 0 0 25 0 0 0 0 17 9 0 0 0 25 0 0 0 0 0 25 0 0 0 0 0 0 0 0 0 2 0 0 0 0 0 0 0 0 0 0 2 0 0 0 0 0 0 0 0 0 25 0 0 0 0 0 0 0 20 0 0 0 0 0 0 6 0 0 0 0 1 0 3 0 0 0 0 0 0 0 0 0 0 0 0 0 0 4 0 0 12 5 0 0 0 0 0 0 0 0 0 0 0 0 1 0 0 0 0 0 0 0 0 0 0 0 0 0 0 0 0 0 0 0 0 0 0 0 0 0 0 0 0 0 0 0 0 0 0 0 0 0 0 0 0 0 0 0 0 0 0 0 0 45 0 0 0 0 0 0 0 0 0 0 1 0 
# FILE:src/AbstractTableRendering.java, LINE:2745, OFFSET:2780, NODE_KIND:103, CONTEXT_KIND:0, NEIGHBOR_KIND:0, NUM_NODE:351, NUM_DECL:0, NUM_STMT:0, NUM_EXPR:0, TBID:11116, TEID:11236, VARs:{}27, 
11 0 0 0 0 0 0 0 0 0 0 0 0 0 0 0 0 0 0 0 0 0 0 0 0 0 0 0 0 0 0 43 0 0 0 0 21 0 0 0 0 0 0 0 0 0 19 0 0 0 0 0 0 0 2 0 0 4 0 0 21 0 0 0 0 0 0 0 0 0 0 0 0 0 0 0 0 0 0 0 15 0 4 1 0 0 0 7 0 0 1 0 0 0 0 0 0 0 21 0 0 0 0 16 9 0 0 0 21 0 0 0 0 0 21 0 0 0 0 0 0 0 0 0 2 0 0 0 0 0 0 0 0 0 0 2 0 0 0 0 0 0 0 0 0 21 0 0 0 0 0 0 0 19 0 0 0 0 0 0 6 0 0 0 0 1 0 2 0 0 0 0 0 0 0 0 0 0 0 0 0 0 2 0 0 12 3 0 0 0 0 0 0 0 0 0 0 0 0 1 0 0 0 0 0 0 0 0 0 0 0 0 0 0 0 0 0 0 0 0 0 0 0 0 0 0 0 0 0 0 0 0 0 0 0 0 0 0 0 0 0 0 0 0 0 0 0 0 43 0 0 0 0 0 0 0 0 0 0 0 0 
# FILE:src/AbstractTableRendering.java, LINE:2818, OFFSET:2845, NODE_KIND:103, CONTEXT_KIND:0, NEIGHBOR_KIND:0, NUM_NODE:327, NUM_DECL:0, NUM_STMT:0, NUM_EXPR:0, TBID:11344, TEID:11469, VARs:{}30, 
8 0 0 0 0 0 0 0 0 0 0 0 0 0 0 0 0 0 0 0 0 0 0 0 0 0 0 0 0 0 0 43 0 0 0 0 18 0 0 0 0 0 0 0 0 0 18 0 0 0 0 0 0 0 4 0 0 0 0 0 18 0 0 0 0 0 0 0 0 0 0 0 0 1 0 0 0 0 0 0 18 0 3 0 0 0 0 9 0 0 0 0 0 0 0 1 0 0 18 0 0 0 0 9 13 0 0 0 18 0 0 0 0 0 18 0 0 0 0 0 0 0 0 0 4 1 0 0 0 0 0 0 0 0 0 1 0 0 0 0 0 0 0 0 0 18 0 0 0 0 0 0 0 18 0 0 0 0 0 0 4 0 1 0 0 2 0 0 0 0 0 0 1 0 0 0 0 0 0 0 0 0 0 0 0 11 1 0 0 0 0 0 0 0 0 0 0 0 0 0 0 0 0 0 0 0 1 0 0 0 0 0 0 0 0 0 0 0 0 0 0 2 0 0 0 0 0 0 0 0 0 0 0 0 0 0 0 1 0 0 0 0 0 0 0 0 0 0 43 0 0 0 0 0 0 0 0 0 0 0 1 
# FILE:src/AbstractTableRendering.java, LINE:2856, OFFSET:2995, NODE_KIND:103, CONTEXT_KIND:0, NEIGHBOR_KIND:0, NUM_NODE:1376, NUM_DECL:0, NUM_STMT:0, NUM_EXPR:0, TBID:11485, TEID:12006, VARs:{}46, 
40 0 5 0 0 0 0 1 0 0 0 0 0 0 0 0 0 0 0 0 0 0 0 0 0 0 0 0 0 0 0 161 0 0 0 0 86 0 0 0 0 0 0 0 0 1 70 0 0 0 0 0 0 0 6 0 0 3 0 0 86 0 0 0 0 0 0 0 0 0 0 0 0 1 0 0 0 0 0 0 67 0 11 2 0 0 0 44 0 0 6 0 0 0 0 1 0 0 78 0 0 0 0 63 61 0 0 0 78 0 0 0 0 0 70 0 0 0 0 0 0 0 0 0 6 1 0 0 0 0 0 0 0 0 0 1 0 0 0 0 0 0 0 0 0 80 0 0 0 0 0 0 0 70 0 0 0 0 5 0 9 0 1 0 0 0 0 8 4 0 0 0 1 0 0 0 0 0 0 1 0 0 0 0 0 36 3 0 5 1 0 0 0 0 0 0 6 0 0 2 0 0 0 0 0 0 1 0 0 0 0 0 0 0 0 3 1 0 0 0 0 3 5 0 0 0 0 0 0 0 0 2 0 1 0 1 10 1 0 0 4 0 0 0 0 0 0 0 161 0 0 0 0 0 0 1 0 0 0 0 1 
# FILE:src/AbstractTableRendering.java, LINE:3272, OFFSET:3332, NODE_KIND:103, CONTEXT_KIND:0, NEIGHBOR_KIND:0, NUM_NODE:618, NUM_DECL:0, NUM_STMT:0, NUM_EXPR:0, TBID:12864, TEID:13133, VARs:{}48, 
19 0 0 0 0 0 0 0 0 0 0 0 0 0 0 0 0 0 0 0 0 0 0 0 0 0 0 0 0 0 0 72 0 0 0 0 33 0 0 0 0 0 0 0 0 0 28 0 0 0 0 0 0 0 3 0 0 2 0 0 32 0 0 0 0 0 0 0 0 0 0 0 0 2 0 0 0 0 0 0 26 0 12 2 0 0 0 22 0 0 6 0 0 0 0 2 0 0 32 0 0 0 0 35 30 0 0 0 34 0 0 0 0 0 32 0 0 0 0 0 0 0 0 0 3 2 0 0 0 0 0 0 0 0 0 1 0 0 0 0 0 0 0 0 0 32 0 0 0 0 0 0 0 28 0 0 0 0 0 0 5 0 2 0 2 2 0 8 0 0 0 0 1 0 0 0 0 0 0 0 0 0 2 0 0 17 1 0 0 0 0 1 0 0 0 0 0 0 0 2 0 0 0 0 0 0 2 0 0 0 0 0 0 0 0 0 0 0 0 0 0 1 0 0 0 0 0 0 0 0 0 1 0 1 0 0 2 1 0 0 0 0 0 0 2 0 0 0 72 0 0 0 1 0 0 0 0 0 0 0 2 
# FILE:src/AbstractTableRendering.java, LINE:3273, OFFSET:3332, NODE_KIND:103, CONTEXT_KIND:0, NEIGHBOR_KIND:0, NUM_NODE:592, NUM_DECL:0, NUM_STMT:0, NUM_EXPR:0, TBID:12872, TEID:13133, VARs:{}47, 
19 0 0 0 0 0 0 0 0 0 0 0 0 0 0 0 0 0 0 0 0 0 0 0 0 0 0 0 0 0 0 70 0 0 0 0 31 0 0 0 0 0 0 0 0 0 27 0 0 0 0 0 0 0 3 0 0 2 0 0 30 0 0 0 0 0 0 0 0 0 0 0 0 2 0 0 0 0 0 0 25 0 12 2 0 0 0 21 0 0 5 0 0 0 0 2 0 0 30 0 0 0 0 34 30 0 0 0 32 0 0 0 0 0 30 0 0 0 0 0 0 0 0 0 3 2 0 0 0 0 0 0 0 0 0 1 0 0 0 0 0 0 0 0 0 30 0 0 0 0 0 0 0 27 0 0 0 0 0 0 5 0 2 0 2 2 0 7 0 0 0 0 1 0 0 0 0 0 0 0 0 0 2 0 0 16 1 0 0 0 0 1 0 0 0 0 0 0 0 2 0 0 0 0 0 0 2 0 0 0 0 0 0 0 0 0 0 0 0 0 0 1 0 0 0 0 0 0 0 0 0 1 0 1 0 0 2 1 0 0 0 0 0 0 1 0 0 0 70 0 0 0 0 0 0 0 0 0 0 0 2 
# FILE:src/AbstractTableRendering.java, LINE:3273, OFFSET:3327, NODE_KIND:103, CONTEXT_KIND:0, NEIGHBOR_KIND:0, NUM_NODE:577, NUM_DECL:0, NUM_STMT:0, NUM_EXPR:0, TBID:12873, TEID:13129, VARs:{}47, 
19 0 0 0 0 0 0 0 0 0 0 0 0 0 0 0 0 0 0 0 0 0 0 0 0 0 0 0 0 0 0 69 0 0 0 0 30 0 0 0 0 0 0 0 0 0 26 0 0 0 0 0 0 0 3 0 0 2 0 0 29 0 0 0 0 0 0 0 0 0 0 0 0 2 0 0 0 0 0 0 24 0 11 2 0 0 0 21 0 0 5 0 0 0 0 2 0 0 29 0 0 0 0 32 30 0 0 0 31 0 0 0 0 0 29 0 0 0 0 0 0 0 0 0 3 2 0 0 0 0 0 0 0 0 0 1 0 0 0 0 0 0 0 0 0 29 0 0 0 0 0 0 0 26 0 0 0 0 0 0 5 0 2 0 2 2 0 7 0 0 0 0 1 0 0 0 0 0 0 0 0 0 2 0 0 16 1 0 0 0 0 1 0 0 0 0 0 0 0 2 0 0 0 0 0 0 2 0 0 0 0 0 0 0 0 0 0 0 0 0 0 1 0 0 0 0 0 0 0 0 0 0 0 1 0 0 2 1 0 0 0 0 0 0 1 0 0 0 69 0 0 0 0 0 0 0 0 0 0 0 2 
# FILE:src/AbstractTableRendering.java, LINE:3274, OFFSET:3327, NODE_KIND:103, CONTEXT_KIND:0, NEIGHBOR_KIND:0, NUM_NODE:554, NUM_DECL:0, NUM_STMT:0, NUM_EXPR:0, TBID:12879, TEID:13129, VARs:{}47, 
19 0 0 0 0 0 0 0 0 0 0 0 0 0 0 0 0 0 0 0 0 0 0 0 0 0 0 0 0 0 0 68 0 0 0 0 28 0 0 0 0 0 0 0 0 0 25 0 0 0 0 0 0 0 3 0 0 2 0 0 27 0 0 0 0 0 0 0 0 0 0 0 0 2 0 0 0 0 0 0 23 0 11 2 0 0 0 20 0 0 4 0 0 0 0 2 0 0 27 0 0 0 0 31 30 0 0 0 29 0 0 0 0 0 27 0 0 0 0 0 0 0 0 0 3 2 0 0 0 0 0 0 0 0 0 1 0 0 0 0 0 0 0 0 0 27 0 0 0 0 0 0 0 25 0 0 0 0 0 0 5 0 2 0 2 2 0 6 0 0 0 0 1 0 0 0 0 0 0 0 0 0 2 0 0 16 0 0 0 0 0 1 0 0 0 0 0 0 0 2 0 0 0 0 0 0 2 0 0 0 0 0 0 0 0 0 0 0 0 0 0 1 0 0 0 0 0 0 0 0 0 0 0 1 0 0 2 1 0 0 0 0 0 0 0 0 0 0 68 0 0 0 0 0 0 0 0 0 0 0 2 
# FILE:src/AbstractTableRendering.java, LINE:3274, OFFSET:3327, NODE_KIND:103, CONTEXT_KIND:0, NEIGHBOR_KIND:0, NUM_NODE:552, NUM_DECL:0, NUM_STMT:0, NUM_EXPR:0, TBID:12880, TEID:13128, VARs:{}47, 
19 0 0 0 0 0 0 0 0 0 0 0 0 0 0 0 0 0 0 0 0 0 0 0 0 0 0 0 0 0 0 68 0 0 0 0 28 0 0 0 0 0 0 0 0 0 25 0 0 0 0 0 0 0 3 0 0 2 0 0 27 0 0 0 0 0 0 0 0 0 0 0 0 2 0 0 0 0 0 0 23 0 10 2 0 0 0 20 0 0 4 0 0 0 0 2 0 0 27 0 0 0 0 30 30 0 0 0 29 0 0 0 0 0 27 0 0 0 0 0 0 0 0 0 3 2 0 0 0 0 0 0 0 0 0 1 0 0 0 0 0 0 0 0 0 27 0 0 0 0 0 0 0 25 0 0 0 0 0 0 5 0 2 0 2 2 0 6 0 0 0 0 1 0 0 0 0 0 0 0 0 0 2 0 0 16 0 0 0 0 0 1 0 0 0 0 0 0 0 2 0 0 0 0 0 0 2 0 0 0 0 0 0 0 0 0 0 0 0 0 0 1 0 0 0 0 0 0 0 0 0 0 0 1 0 0 2 1 0 0 0 0 0 0 0 0 0 0 68 0 0 0 0 0 0 0 0 0 0 0 2 
# FILE:src/AbstractTableRendering.java, LINE:3538, OFFSET:3545, NODE_KIND:103, CONTEXT_KIND:0, NEIGHBOR_KIND:0, NUM_NODE:410, NUM_DECL:0, NUM_STMT:0, NUM_EXPR:0, TBID:13764, TEID:13888, VARs:{}15, 
1 0 1 0 0 0 0 0 0 0 0 0 0 0 0 0 0 1 0 0 0 0 0 0 0 0 0 0 0 0 0 46 0 0 0 0 27 0 0 0 0 0 0 0 0 0 21 0 0 0 5 0 0 0 3 0 0 1 0 0 27 4 0 0 0 0 0 0 0 0 0 0 0 0 0 0 0 0 0 0 20 0 1 0 0 0 0 22 0 0 1 0 0 0 0 0 0 0 25 0 0 0 0 5 6 0 0 0 25 0 0 0 0 0 22 0 0 0 0 0 0 0 0 0 3 0 0 0 0 0 0 0 0 0 0 0 0 0 0 0 0 0 0 0 0 27 0 0 0 0 0 0 0 21 0 0 0 0 0 0 4 0 0 1 0 0 0 1 0 0 0 0 0 0 0 0 0 0 0 3 0 0 0 0 0 17 0 0 0 0 0 0 0 0 0 0 0 0 0 0 0 0 0 0 0 5 0 0 0 0 0 0 0 0 0 0 0 0 0 0 0 1 1 0 0 0 0 0 0 0 0 1 0 0 0 0 5 0 0 0 0 0 0 0 0 0 0 0 46 0 0 0 0 5 0 2 0 0 0 1 2 
# FILE:src/AbstractTableRendering.java, LINE:3540, OFFSET:3545, NODE_KIND:103, CONTEXT_KIND:0, NEIGHBOR_KIND:0, NUM_NODE:364, NUM_DECL:0, NUM_STMT:0, NUM_EXPR:0, TBID:13780, TEID:13888, VARs:{}14, 
1 0 0 0 0 0 0 0 0 0 0 0 0 0 0 0 0 0 0 0 0 0 0 0 0 0 0 0 0 0 0 41 0 0 0 0 24 0 0 0 0 0 0 0 0 0 19 0 0 0 5 0 0 0 2 0 0 1 0 0 24 4 0 0 0 0 0 0 0 0 0 0 0 0 0 0 0 0 0 0 18 0 1 0 0 0 0 21 0 0 1 0 0 0 0 0 0 0 22 0 0 0 0 4 6 0 0 0 22 0 0 0 0 0 20 0 0 0 0 0 0 0 0 0 2 0 0 0 0 0 0 0 0 0 0 0 0 0 0 0 0 0 0 0 0 24 0 0 0 0 0 0 0 19 0 0 0 0 0 0 3 0 0 0 0 0 0 1 0 0 0 0 0 0 0 0 0 0 0 2 0 0 0 0 0 16 0 0 0 0 0 0 0 0 0 0 0 0 0 0 0 0 0 0 0 5 0 0 0 0 0 0 0 0 0 0 0 0 0 0 0 0 0 0 0 0 0 0 0 0 0 1 0 0 0 0 4 0 0 0 0 0 0 0 0 0 0 0 41 0 0 0 0 5 0 2 0 0 0 1 2 
# FILE:src/AbstractTableRendering.java, LINE:3559, OFFSET:3566, NODE_KIND:103, CONTEXT_KIND:0, NEIGHBOR_KIND:0, NUM_NODE:332, NUM_DECL:0, NUM_STMT:0, NUM_EXPR:0, TBID:13928, TEID:14035, VARs:{}15, 
1 0 1 0 0 0 0 0 0 0 0 0 0 0 0 0 0 1 0 0 0 0 0 0 0 0 0 0 0 0 0 44 0 0 0 0 22 0 0 0 0 0 0 0 0 0 16 0 0 0 0 0 0 0 3 0 0 1 0 0 22 4 0 0 0 0 0 0 0 0 0 0 0 0 0 0 0 0 0 0 15 0 1 0 0 0 0 13 0 0 1 0 0 0 0 0 0 0 20 0 0 0 0 5 6 0 0 0 20 0 0 0 0 0 17 0 0 0 0 0 0 0 0 0 3 0 0 0 0 0 0 0 0 0 0 0 0 0 0 0 0 0 0 0 0 22 0 0 0 0 0 0 0 16 0 0 0 0 0 0 4 0 0 1 0 0 0 1 0 0 0 0 0 0 0 0 0 0 0 2 0 0 0 0 0 16 0 0 0 0 0 0 0 0 0 0 0 0 0 0 0 0 0 0 0 0 0 0 0 0 0 0 0 0 0 0 0 0 0 0 0 1 1 0 0 0 0 0 0 0 0 1 0 0 0 0 1 0 0 0 1 0 0 0 0 0 0 0 44 0 0 0 0 0 0 2 0 0 0 1 2 
# FILE:src/AbstractTableRendering.java, LINE:3616, OFFSET:3637, NODE_KIND:103, CONTEXT_KIND:0, NEIGHBOR_KIND:0, NUM_NODE:516, NUM_DECL:0, NUM_STMT:0, NUM_EXPR:0, TBID:14154, TEID:14312, VARs:{}22, 
2 0 0 0 0 0 0 0 0 0 0 0 0 0 0 0 0 0 0 0 0 0 0 0 0 0 0 0 0 0 0 51 0 0 0 0 37 0 0 0 0 0 0 0 0 0 30 0 0 0 0 0 0 0 8 0 0 0 0 0 37 0 0 0 0 0 0 0 0 0 0 0 0 0 0 0 0 0 0 0 30 0 5 1 0 0 0 16 0 0 5 0 0 0 0 0 0 0 34 0 0 0 0 12 9 0 0 0 36 0 0 0 0 0 33 0 0 0 0 0 0 0 0 0 8 0 0 0 0 0 0 0 0 0 0 3 0 0 0 0 0 0 0 0 2 36 0 0 0 0 0 0 0 30 0 0 0 0 0 0 8 0 0 0 2 0 0 6 0 0 0 0 0 0 0 0 0 0 0 0 0 0 3 0 0 4 3 0 0 0 0 0 0 0 0 0 1 0 0 1 0 0 0 0 0 2 0 0 0 0 0 0 0 0 0 0 0 0 0 0 0 2 0 0 0 0 0 0 0 0 0 0 0 1 0 0 2 0 0 0 1 0 0 0 0 0 0 0 51 0 0 0 0 2 0 1 0 0 0 0 1 
# FILE:src/AbstractTableRendering.java, LINE:3617, OFFSET:3637, NODE_KIND:103, CONTEXT_KIND:0, NEIGHBOR_KIND:0, NUM_NODE:498, NUM_DECL:0, NUM_STMT:0, NUM_EXPR:0, TBID:14160, TEID:14312, VARs:{}22, 
2 0 0 0 0 0 0 0 0 0 0 0 0 0 0 0 0 0 0 0 0 0 0 0 0 0 0 0 0 0 0 49 0 0 0 0 36 0 0 0 0 0 0 0 0 0 29 0 0 0 0 0 0 0 8 0 0 0 0 0 36 0 0 0 0 0 0 0 0 0 0 0 0 0 0 0 0 0 0 0 29 0 5 1 0 0 0 16 0 0 4 0 0 0 0 0 0 0 33 0 0 0 0 11 9 0 0 0 34 0 0 0 0 0 32 0 0 0 0 0 0 0 0 0 8 0 0 0 0 0 0 0 0 0 0 3 0 0 0 0 0 0 0 0 2 35 0 0 0 0 0 0 0 29 0 0 0 0 0 0 8 0 0 0 1 0 0 5 0 0 0 0 0 0 0 0 0 0 0 0 0 0 3 0 0 4 3 0 0 0 0 0 0 0 0 0 1 0 0 1 0 0 0 0 0 2 0 0 0 0 0 0 0 0 0 0 0 0 0 0 0 2 0 0 0 0 0 0 0 0 0 0 0 1 0 0 2 0 0 0 1 0 0 0 0 0 0 0 49 0 0 0 0 2 0 1 0 0 0 0 1 
# FILE:src/AbstractTableRendering.java, LINE:3618, OFFSET:3637, NODE_KIND:103, CONTEXT_KIND:0, NEIGHBOR_KIND:0, NUM_NODE:454, NUM_DECL:0, NUM_STMT:0, NUM_EXPR:0, TBID:14171, TEID:14311, VARs:{}20, 
2 0 0 0 0 0 0 0 0 0 0 0 0 0 0 0 0 0 0 0 0 0 0 0 0 0 0 0 0 0 0 44 0 0 0 0 33 0 0 0 0 0 0 0 0 0 26 0 0 0 0 0 0 0 7 0 0 0 0 0 33 0 0 0 0 0 0 0 0 0 0 0 0 0 0 0 0 0 0 0 26 0 4 1 0 0 0 15 0 0 4 0 0 0 0 0 0 0 30 0 0 0 0 10 8 0 0 0 31 0 0 0 0 0 29 0 0 0 0 0 0 0 0 0 7 0 0 0 0 0 0 0 0 0 0 3 0 0 0 0 0 0 0 0 2 32 0 0 0 0 0 0 0 26 0 0 0 0 0 0 7 0 0 0 1 0 0 5 0 0 0 0 0 0 0 0 0 0 0 0 0 0 3 0 0 4 3 0 0 0 0 0 0 0 0 0 1 0 0 1 0 0 0 0 0 2 0 0 0 0 0 0 0 0 0 0 0 0 0 0 0 2 0 0 0 0 0 0 0 0 0 0 0 1 0 0 2 0 0 0 1 0 0 0 0 0 0 0 44 0 0 0 0 2 0 1 0 0 0 0 1 
# FILE:src/AbstractTableRendering.java, LINE:3619, OFFSET:3637, NODE_KIND:103, CONTEXT_KIND:0, NEIGHBOR_KIND:0, NUM_NODE:431, NUM_DECL:0, NUM_STMT:0, NUM_EXPR:0, TBID:14177, TEID:14311, VARs:{}20, 
2 0 0 0 0 0 0 0 0 0 0 0 0 0 0 0 0 0 0 0 0 0 0 0 0 0 0 0 0 0 0 43 0 0 0 0 31 0 0 0 0 0 0 0 0 0 25 0 0 0 0 0 0 0 7 0 0 0 0 0 31 0 0 0 0 0 0 0 0 0 0 0 0 0 0 0 0 0 0 0 25 0 4 1 0 0 0 14 0 0 3 0 0 0 0 0 0 0 28 0 0 0 0 9 8 0 0 0 29 0 0 0 0 0 27 0 0 0 0 0 0 0 0 0 7 0 0 0 0 0 0 0 0 0 0 3 0 0 0 0 0 0 0 0 2 30 0 0 0 0 0 0 0 25 0 0 0 0 0 0 7 0 0 0 1 0 0 4 0 0 0 0 0 0 0 0 0 0 0 0 0 0 2 0 0 4 2 0 0 0 0 0 0 0 0 0 1 0 0 1 0 0 0 0 0 2 0 0 0 0 0 0 0 0 0 0 0 0 0 0 0 2 0 0 0 0 0 0 0 0 0 0 0 1 0 0 2 0 0 0 1 0 0 0 0 0 0 0 43 0 0 0 0 2 0 1 0 0 0 0 1 
# FILE:src/AbstractTableRendering.java, LINE:3620, OFFSET:3637, NODE_KIND:103, CONTEXT_KIND:0, NEIGHBOR_KIND:0, NUM_NODE:406, NUM_DECL:0, NUM_STMT:0, NUM_EXPR:0, TBID:14187, TEID:14310, VARs:{}17, 
2 0 0 0 0 0 0 0 0 0 0 0 0 0 0 0 0 0 0 0 0 0 0 0 0 0 0 0 0 0 0 39 0 0 0 0 30 0 0 0 0 0 0 0 0 0 24 0 0 0 0 0 0 0 6 0 0 0 0 0 30 0 0 0 0 0 0 0 0 0 0 0 0 0 0 0 0 0 0 0 24 0 3 1 0 0 0 13 0 0 3 0 0 0 0 0 0 0 27 0 0 0 0 8 7 0 0 0 28 0 0 0 0 0 26 0 0 0 0 0 0 0 0 0 6 0 0 0 0 0 0 0 0 0 0 3 0 0 0 0 0 0 0 0 2 29 0 0 0 0 0 0 0 24 0 0 0 0 0 0 6 0 0 0 1 0 0 4 0 0 0 0 0 0 0 0 0 0 0 0 0 0 2 0 0 3 2 0 0 0 0 0 0 0 0 0 1 0 0 1 0 0 0 0 0 2 0 0 0 0 0 0 0 0 0 0 0 0 0 0 0 2 0 0 0 0 0 0 0 0 0 0 0 1 0 0 2 0 0 0 1 0 0 0 0 0 0 0 39 0 0 0 0 2 0 1 0 0 0 0 1 
# FILE:src/AbstractTableRendering.java, LINE:3621, OFFSET:3637, NODE_KIND:103, CONTEXT_KIND:0, NEIGHBOR_KIND:0, NUM_NODE:388, NUM_DECL:0, NUM_STMT:0, NUM_EXPR:0, TBID:14193, TEID:14310, VARs:{}17, 
2 0 0 0 0 0 0 0 0 0 0 0 0 0 0 0 0 0 0 0 0 0 0 0 0 0 0 0 0 0 0 37 0 0 0 0 29 0 0 0 0 0 0 0 0 0 23 0 0 0 0 0 0 0 6 0 0 0 0 0 29 0 0 0 0 0 0 0 0 0 0 0 0 0 0 0 0 0 0 0 23 0 3 1 0 0 0 13 0 0 2 0 0 0 0 0 0 0 26 0 0 0 0 7 7 0 0 0 26 0 0 0 0 0 25 0 0 0 0 0 0 0 0 0 6 0 0 0 0 0 0 0 0 0 0 3 0 0 0 0 0 0 0 0 2 28 0 0 0 0 0 0 0 23 0 0 0 0 0 0 6 0 0 0 0 0 0 3 0 0 0 0 0 0 0 0 0 0 0 0 0 0 2 0 0 3 2 0 0 0 0 0 0 0 0 0 1 0 0 1 0 0 0 0 0 2 0 0 0 0 0 0 0 0 0 0 0 0 0 0 0 2 0 0 0 0 0 0 0 0 0 0 0 1 0 0 2 0 0 0 1 0 0 0 0 0 0 0 37 0 0 0 0 2 0 1 0 0 0 0 1 
# FILE:src/AbstractTableRendering.java, LINE:3623, OFFSET:3637, NODE_KIND:103, CONTEXT_KIND:0, NEIGHBOR_KIND:0, NUM_NODE:356, NUM_DECL:0, NUM_STMT:0, NUM_EXPR:0, TBID:14202, TEID:14309, VARs:{}15, 
2 0 0 0 0 0 0 0 0 0 0 0 0 0 0 0 0 0 0 0 0 0 0 0 0 0 0 0 0 0 0 33 0 0 0 0 27 0 0 0 0 0 0 0 0 0 21 0 0 0 0 0 0 0 5 0 0 0 0 0 27 0 0 0 0 0 0 0 0 0 0 0 0 0 0 0 0 0 0 0 21 0 2 1 0 0 0 13 0 0 2 0 0 0 0 0 0 0 24 0 0 0 0 6 7 0 0 0 24 0 0 0 0 0 23 0 0 0 0 0 0 0 0 0 5 0 0 0 0 0 0 0 0 0 0 2 0 0 0 0 0 0 0 0 2 26 0 0 0 0 0 0 0 21 0 0 0 0 0 0 5 0 0 0 0 0 0 3 0 0 0 0 0 0 0 0 0 0 0 0 0 0 2 0 0 3 2 0 0 0 0 0 0 0 0 0 1 0 0 1 0 0 0 0 0 2 0 0 0 0 0 0 0 0 0 0 0 0 0 0 0 2 0 0 0 0 0 0 0 0 0 0 0 1 0 0 2 0 0 0 1 0 0 0 0 0 0 0 33 0 0 0 0 2 0 1 0 0 0 0 1 
